
 1 284 0 0 
 7 225 0 0 
 10 180 0 0 
 14 149 1 0 
 15 91 1 1 
 19 71 4 1 
 20 60 3 2 
 22 26 5 5 
 25 17 7 8 
 27 11 7 16 
 28 6 15 24 
 29 5 9 33 
 30 4 7 48 
 34 2 9 94 
 36 1 10 118 
 38 1 9 137 
 39 1 12 164 
 40 1 8 204 
 41 1 5 256 
 43 1 4 360 
 45 1 4 406 
 47 1 4 437 
 48 1 3 538 
 49 1 2 716 
 51 1 2 788 
 53 1 2 864 
 54 1 2 1086 
 55 1 2 1169 
 57 1 2 1284 
 58 1 2 1362 
 60 1 2 1434 
 61 1 2 1560 
 62 1 2 1809 
 63 1 2 1916 
 64 1 2 2005 
 66 1 2 2162 
 67 1 2 2444 
 68 1 2 2535 
 69 1 2 2617 
 70 1 2 2712 
 71 1 2 2832 
 72 1 2 2960 
 73 1 2 3075 
 74 1 2 3218 
 75 1 2 3410 
 76 1 2 3422 
 77 1 2 3611 
 78 1 2 3697 
 79 1 2 3794 
 80 1 2 3857 
 81 1 2 4127 
 82 1 2 4326 
 83 1 2 4440 
 84 1 2 4554 
 85 1 2 4709 
 86 1 2 4779 
 87 1 2 5061 
 88 1 2 5154 
 89 1 2 5266 
 90 1 2 5430 
 91 1 2 5629 
 93 1 2 5795 
 94 1 2 5939 
 95 1 2 6135 
 96 1 2 6322 
 97 1 2 6409 
 98 1 2 6506 
 99 1 2 6555 
 100 1 2 6715 
 101 1 2 7056 
 102 1 2 7303 
 104 1 2 7412 
 105 1 2 7590 
 106 1 2 7723 
 107 1 2 7895 
 108 1 2 8150 
 109 1 2 8329 
 110 1 2 8504 
 111 1 2 8652 
 112 1 2 8753 
 114 1 2 9245 
 115 1 2 9460 
 116 1 1 9550 
 117 1 1 9824 
 118 1 1 9923 
 119 1 1 10162 
 120 1 1 10285 
 121 1 1 10785 
 122 1 1 10954 
 123 1 1 11448 
 125 1 1 11751 
 126 1 1 12030 
 127 1 1 12477 
 128 1 1 12768 
 129 1 1 13504 
 130 1 1 13830 
 131 1 1 14052 
 132 1 1 14486 
 133 1 1 14895 
 134 1 1 15772 
 135 1 1 16584 
 136 1 1 16776 
 137 1 1 16974 
 138 1 1 17899 
 139 1 1 18098 
 140 1 1 18264 
 141 1 1 19031 
 142 1 1 19744 
 143 1 1 20150 
 144 1 1 20767 
 145 1 1 20949 
 146 1 1 21123 
 147 1 1 22002 
 148 1 1 22420 
 149 1 1 22807 
 150 1 1 23564 
 151 1 1 23899 
 152 1 1 24172 
 153 1 1 24963 
 154 1 1 25855 
 155 1 1 26222 
 156 1 1 27282 
 157 1 1 27906 
 158 1 1 28238 
 159 1 1 28818 
 160 1 1 29147 
 161 1 1 30093 
 162 1 1 31229 
 163 1 1 31991 
 164 1 1 32594 
 165 1 1 33412 
 166 1 1 33907 
 167 1 1 34810 
 168 1 1 35730 
 169 1 1 36653 
 170 1 1 37376 
 171 1 1 37922 
 172 1 1 38111 
 173 1 1 38398 
 174 1 1 39687 
 175 1 1 40545 
 176 1 1 40765 
 177 1 1 41708 
 178 1 1 42608 
 179 1 1 42772 
 180 1 1 43952 
 181 1 1 44531 
 182 1 1 45883 
 183 1 1 46047 
 184 1 1 47056 
 185 1 1 47736 
 186 1 1 48717 
 187 1 1 49253 
 188 1 1 50444 
 189 1 1 51601 
 190 1 1 52371 
 191 1 1 52990 
 192 1 1 53447 
 193 1 1 53861 
 194 1 1 55211 
 195 1 1 56186 
 196 1 1 56473 
 197 1 0 57648 
 198 1 0 58317 
 199 1 0 59174 
 200 1 0 59465 
 201 1 0 61549 
 202 1 0 62332 
 203 1 0 63477 
 204 1 0 64524 
 205 1 0 65100 
 206 1 0 66080 
 207 1 0 66999 
 208 1 0 68421 
 209 1 0 69494 
 210 1 0 70523 
 211 1 0 71162 
 212 1 0 72076 
 213 1 0 72756 
 214 1 0 74395 
 215 1 0 75645 
 216 1 0 76817 
 217 1 0 77175 
 218 1 0 78938 
 219 1 0 79810 
 220 1 0 80516 
 221 1 0 82520 
 222 1 0 83939 
 223 1 0 84951 
 224 1 0 85793 
 225 1 0 87167 
 226 1 0 87833 
 227 1 0 89314 
 228 1 0 90617 
 229 1 0 91504 
 230 1 0 93013 
 231 1 0 93454 
 232 1 0 94818 
 233 1 0 95946 
 234 1 0 97295 
 235 1 0 98786 
 236 1 0 100145 
 237 1 0 101389 
 238 1 0 102058 
 239 1 0 103313 
 240 1 0 103614 
 241 1 0 105900 
 242 1 0 106869 
 243 1 0 107939 
 244 1 0 108235 
 245 1 0 109660 
 246 1 0 111068 
 247 1 0 112172 
 248 1 0 113386 
 249 1 0 114945 
 250 1 0 116098 
 251 1 0 117829 
 252 1 0 118900 
 253 1 0 119836 
 254 1 0 121844 
 255 1 0 122989 
 256 1 0 124873 
 257 1 0 125967 
 258 1 0 127365 
 259 1 0 128010 
 260 1 0 130071 
 261 1 0 132111 
 262 1 0 133188 
 263 1 0 135007 
 264 1 0 136148 
 265 1 0 137479 
 266 1 0 138941 
 267 1 0 141366 
 268 1 0 142388 
 269 1 0 145017 
 270 1 0 147468 
 271 1 0 148763 
 272 1 0 149941 
 273 1 0 151721 
 274 1 0 153370 
 275 1 0 157338 
 276 1 0 158085 
 277 1 0 159693 
 278 1 0 161939 
 279 1 0 163781 
 280 1 0 164887 
 281 1 0 168140 
 282 1 0 170598 
 283 1 0 172768 
 284 1 0 174729 
 285 1 0 176388 
 286 1 0 177327 
 287 1 0 181407 
 288 1 0 184292 
 289 1 0 185833 
 290 1 0 188527 
 291 1 0 189596 
 292 1 0 191040 
 293 1 0 194211 
 294 1 0 196736 
 295 1 0 198826 
 296 1 0 201449 
 297 1 0 202616 
 298 1 0 205936 
 299 1 0 208487 
 300 1 0 210967 