
 1 283 0 0 
 7 233 0 0 
 10 188 0 0 
 14 146 2 0 
 15 87 1 2 
 19 65 5 2 
 20 46 4 5 
 22 25 7 9 
 25 17 5 18 
 27 10 8 21 
 28 7 12 36 
 29 6 8 43 
 30 5 7 64 
 34 2 6 139 
 36 2 6 169 
 38 2 6 200 
 39 2 6 243 
 40 1 7 270 
 41 1 9 315 
 43 1 4 440 
 45 1 2 488 
 47 1 3 511 
 48 1 2 588 
 49 1 3 727 
 51 1 2 802 
 53 1 2 862 
 54 1 2 1027 
 55 1 2 1067 
 57 1 2 1180 
 58 1 2 1255 
 60 1 2 1303 
 61 1 2 1414 
 62 1 3 1547 
 63 1 3 1619 
 64 1 3 1701 
 66 1 3 1796 
 67 1 3 1930 
 68 1 3 1991 
 69 1 3 2071 
 70 1 3 2159 
 71 1 3 2241 
 72 1 2 2286 
 73 1 2 2347 
 74 1 2 2455 
 75 1 2 2574 
 76 1 2 2614 
 77 1 2 2778 
 78 1 2 2843 
 79 1 2 2935 
 80 1 2 2977 
 81 1 2 3179 
 82 1 2 3339 
 83 1 2 3412 
 84 1 2 3481 
 85 1 2 3595 
 86 1 2 3666 
 87 1 2 3913 
 88 1 2 3988 
 89 1 2 4042 
 90 1 2 4167 
 91 1 2 4302 
 93 1 2 4425 
 94 1 2 4515 
 95 1 2 4680 
 96 1 2 4822 
 97 1 2 4871 
 98 1 2 4949 
 99 1 2 4995 
 100 1 2 5153 
 101 1 2 5392 
 102 1 2 5591 
 104 1 2 5706 
 105 1 2 5843 
 106 1 2 5991 
 107 1 2 6092 
 108 1 2 6279 
 109 1 2 6434 
 110 1 2 6544 
 111 1 2 6690 
 112 1 2 6746 
 114 1 1 7086 
 115 1 1 7178 
 116 1 1 7239 
 117 1 1 7414 
 118 1 1 7461 
 119 1 1 7607 
 120 1 1 7668 
 121 1 1 8034 
 122 1 1 8111 
 123 1 1 8469 
 125 1 1 8653 
 126 1 1 8837 
 127 1 1 9048 
 128 1 1 9206 
 129 1 1 9515 
 130 1 1 9704 
 131 1 1 9747 
 132 1 1 9940 
 133 1 1 10154 
 134 1 1 10580 
 135 1 1 10916 
 136 1 1 10994 
 137 1 1 11052 
 138 1 1 11415 
 139 1 1 11503 
 140 1 1 11597 
 141 1 1 12125 
 142 1 1 12538 
 143 1 1 12756 
 144 1 1 13207 
 145 1 1 13362 
 146 1 1 13541 
 147 1 1 14141 
 148 1 1 14378 
 149 1 1 14557 
 150 1 1 14971 
 151 1 1 15157 
 152 1 1 15311 
 153 1 1 15794 
 154 1 1 16325 
 155 1 1 16406 
 156 1 1 16899 
 157 1 1 17205 
 158 1 1 17304 
 159 1 1 17632 
 160 1 1 17832 
 161 1 1 18283 
 162 1 1 18766 
 163 1 1 19101 
 164 1 1 19376 
 165 1 1 19719 
 166 1 1 19945 
 167 1 1 20426 
 168 1 1 20820 
 169 1 1 21147 
 170 1 1 21631 
 171 1 1 22096 
 172 1 1 22298 
 173 1 1 22555 
 174 1 1 23243 
 175 1 1 23773 
 176 1 1 23904 
 177 1 1 24449 
 178 1 1 24893 
 179 1 1 25013 
 180 1 1 25651 
 181 1 1 26074 
 182 1 1 26576 
 183 1 1 26699 
 184 1 1 27290 
 185 1 1 27842 
 186 1 1 28330 
 187 1 1 28665 
 188 1 1 29162 
 189 1 1 29715 
 190 1 1 30125 
 191 1 1 30419 
 192 1 1 30585 
 193 1 1 30818 
 194 1 1 31553 
 195 1 1 32192 
 196 1 1 32278 
 197 1 1 32824 
 198 1 1 33131 
 199 1 1 33644 
 200 1 1 33786 
 201 1 1 34494 
 202 1 1 34718 
 203 1 1 35160 
 204 1 1 35585 
 205 1 1 35735 
 206 1 1 36157 
 207 1 1 36618 
 208 1 1 37088 
 209 1 1 37510 
 210 1 0 38001 
 211 1 0 38320 
 212 1 0 38713 
 213 1 0 39144 
 214 1 0 40034 
 215 1 0 40824 
 216 1 0 41235 
 217 1 0 41432 
 218 1 0 42280 
 219 1 0 42646 
 220 1 0 42831 
 221 1 0 44079 
 222 1 0 44974 
 223 1 0 45402 
 224 1 0 45919 
 225 1 0 46728 
 226 1 0 47147 
 227 1 0 48054 
 228 1 0 48963 
 229 1 0 49418 
 230 1 0 50057 
 231 1 0 50368 
 232 1 0 51239 
 233 1 0 51955 
 234 1 0 52832 
 235 1 0 53470 
 236 1 0 54109 
 237 1 0 54995 
 238 1 0 55318 
 239 1 0 56004 
 240 1 0 56079 
 241 1 0 57615 
 242 1 0 58475 
 243 1 0 59395 
 244 1 0 59603 
 245 1 0 60520 
 246 1 0 61491 
 247 1 0 62144 
 248 1 0 63588 
 249 1 0 64525 
 250 1 0 65097 
 251 1 0 65819 
 252 1 0 66352 
 253 1 0 67003 
 254 1 0 68691 
 255 1 0 69251 
 256 1 0 70189 
 257 1 0 71175 
 258 1 0 72238 
 259 1 0 72563 
 260 1 0 73745 
 261 1 0 75518 
 262 1 0 76286 
 263 1 0 77484 
 264 1 0 78430 
 265 1 0 79391 
 266 1 0 80445 
 267 1 0 81856 
 268 1 0 82628 
 269 1 0 84241 
 270 1 0 85316 
 271 1 0 85811 
 272 1 0 86551 
 273 1 0 87247 
 274 1 0 88454 
 275 1 0 90852 
 276 1 0 91397 
 277 1 0 92358 
 278 1 0 93545 
 279 1 0 94686 
 280 1 0 95377 
 281 1 0 97031 
 282 1 0 98379 
 283 1 0 99541 
 284 1 0 100579 
 285 1 0 101404 
 286 1 0 101953 
 287 1 0 104239 
 288 1 0 105816 
 289 1 0 106571 
 290 1 0 108030 
 291 1 0 108811 
 292 1 0 109604 
 293 1 0 111333 
 294 1 0 112612 
 295 1 0 113815 
 296 1 0 115434 
 297 1 0 116076 
 298 1 0 117745 
 299 1 0 118864 
 300 1 0 120233 