
 1 286 0 0 
 7 240 1 0 
 10 181 1 1 
 14 144 0 2 
 15 88 0 3 
 19 66 1 3 
 20 55 2 6 
 22 32 9 11 
 25 18 11 18 
 27 13 13 19 
 28 8 14 30 
 29 7 10 36 
 30 4 6 53 
 34 2 6 124 
 36 2 3 152 
 38 2 4 169 
 39 2 3 221 
 40 2 4 238 
 41 2 6 283 
 43 2 6 359 
 45 2 6 402 
 47 2 6 431 
 48 2 5 496 
 49 2 4 599 
 51 2 4 661 
 53 1 4 709 
 54 1 2 835 
 55 1 2 891 
 57 1 2 996 
 58 1 2 1047 
 60 1 3 1109 
 61 1 2 1186 
 62 1 2 1306 
 63 1 2 1354 
 64 1 2 1405 
 66 1 2 1491 
 67 1 2 1641 
 68 1 2 1708 
 69 1 2 1768 
 70 1 2 1832 
 71 1 2 1897 
 72 1 2 1965 
 73 1 2 2004 
 74 1 2 2091 
 75 1 2 2199 
 76 1 2 2218 
 77 1 2 2353 
 78 1 2 2410 
 79 1 2 2470 
 80 1 2 2503 
 81 1 2 2733 
 82 1 2 2879 
 83 1 2 2943 
 84 1 2 3006 
 85 1 2 3124 
 86 1 2 3180 
 87 1 2 3431 
 88 1 2 3516 
 89 1 2 3637 
 90 1 2 3784 
 91 1 2 3943 
 93 1 2 4125 
 94 1 2 4239 
 95 1 2 4422 
 96 1 2 4580 
 97 1 2 4718 
 98 1 2 4790 
 99 1 2 4852 
 100 1 2 5022 
 101 1 2 5352 
 102 1 2 5615 
 104 1 1 5726 
 105 1 1 5859 
 106 1 1 5988 
 107 1 1 6123 
 108 1 1 6430 
 109 1 1 6590 
 110 1 1 6803 
 111 1 1 6992 
 112 1 1 7104 
 114 1 1 7595 
 115 1 1 7794 
 116 1 1 7917 
 117 1 1 8162 
 118 1 1 8255 
 119 1 1 8434 
 120 1 1 8590 
 121 1 1 9120 
 122 1 1 9209 
 123 1 1 9837 
 125 1 1 10056 
 126 1 1 10454 
 127 1 1 10734 
 128 1 1 11023 
 129 1 1 11950 
 130 1 1 12520 
 131 1 1 12793 
 132 1 1 13372 
 133 1 1 13787 
 134 1 1 14568 
 135 1 1 15583 
 136 1 1 15889 
 137 1 1 16138 
 138 1 1 17157 
 139 1 1 17282 
 140 1 1 17543 
 141 1 1 18500 
 142 1 1 19356 
 143 1 1 19837 
 144 1 1 20417 
 145 1 1 20609 
 146 1 1 20785 
 147 1 1 21889 
 148 1 1 22407 
 149 1 1 22938 
 150 1 1 23885 
 151 1 1 24348 
 152 1 1 24730 
 153 1 1 25987 
 154 1 1 27049 
 155 1 1 27283 
 156 1 1 28215 
 157 1 1 28791 
 158 1 1 29044 
 159 1 1 29881 
 160 1 1 30264 
 161 1 1 31473 
 162 1 1 32758 
 163 1 1 33659 
 164 1 1 34184 
 165 1 1 34717 
 166 1 1 35307 
 167 1 1 36188 
 168 1 1 37315 
 169 1 1 38044 
 170 1 1 38899 
 171 1 1 39635 
 172 1 1 39966 
 173 1 1 40486 
 174 1 1 41804 
 175 1 1 42923 
 176 1 1 43239 
 177 1 1 44242 
 178 1 1 44958 
 179 1 1 45184 
 180 1 1 46674 
 181 1 1 47347 
 182 1 1 48543 
 183 1 1 48688 
 184 1 1 49492 
 185 1 1 50215 
 186 1 1 51073 
 187 1 1 51732 
 188 1 1 52910 
 189 1 1 54119 
 190 1 1 54848 
 191 1 1 55503 
 192 1 1 55898 
 193 1 1 56349 
 194 1 1 57953 
 195 1 1 59208 
 196 1 1 59416 
 197 1 1 60577 
 198 1 1 61190 
 199 1 1 62205 
 200 1 1 62449 
 201 1 1 64444 
 202 1 1 65061 
 203 1 1 65919 
 204 1 1 66940 
 205 1 1 67390 
 206 1 0 68184 
 207 1 0 69077 
 208 1 0 70277 
 209 1 0 71209 
 210 1 0 72123 
 211 1 0 72832 
 212 1 0 73572 
 213 1 0 74370 
 214 1 0 76088 
 215 1 0 77309 
 216 1 0 78201 
 217 1 0 78735 
 218 1 0 80307 
 219 1 0 81261 
 220 1 0 81636 
 221 1 0 83563 
 222 1 0 84944 
 223 1 0 85995 
 224 1 0 86618 
 225 1 0 87949 
 226 1 0 88578 
 227 1 0 90976 
 228 1 0 92509 
 229 1 0 93547 
 230 1 0 95327 
 231 1 0 95798 
 232 1 0 97466 
 233 1 0 98709 
 234 1 0 100273 
 235 1 0 101868 
 236 1 0 103201 
 237 1 0 104794 
 238 1 0 105505 
 239 1 0 106759 
 240 1 0 107111 
 241 1 0 109496 
 242 1 0 110735 
 243 1 0 112323 
 244 1 0 112495 
 245 1 0 113571 
 246 1 0 114816 
 247 1 0 115723 
 248 1 0 117303 
 249 1 0 118897 
 250 1 0 119886 
 251 1 0 121282 
 252 1 0 122141 
 253 1 0 123028 
 254 1 0 124727 
 255 1 0 125782 
 256 1 0 127211 
 257 1 0 128347 
 258 1 0 129801 
 259 1 0 130394 
 260 1 0 132253 
 261 1 0 133986 
 262 1 0 135456 
 263 1 0 136548 
 264 1 0 137388 
 265 1 0 138677 
 266 1 0 140233 
 267 1 0 142204 
 268 1 0 143108 
 269 1 0 144623 
 270 1 0 146183 
 271 1 0 147033 
 272 1 0 147884 
 273 1 0 149146 
 274 1 0 151019 
 275 1 0 153714 
 276 1 0 154238 
 277 1 0 155531 
 278 1 0 157080 
 279 1 0 158852 
 280 1 0 159932 
 281 1 0 162103 
 282 1 0 164233 
 283 1 0 166314 
 284 1 0 167840 
 285 1 0 169126 
 286 1 0 169977 
 287 1 0 172700 
 288 1 0 174451 
 289 1 0 175819 
 290 1 0 177524 
 291 1 0 178727 
 292 1 0 179683 
 293 1 0 181922 
 294 1 0 183525 
 295 1 0 184788 
 296 1 0 186300 
 297 1 0 187182 
 298 1 0 189407 
 299 1 0 190583 
 300 1 0 192012 