
 1 285 0 0 
 7 222 0 0 
 10 192 0 0 
 14 146 2 0 
 15 93 2 1 
 19 76 3 2 
 20 63 2 4 
 22 31 2 6 
 25 19 4 14 
 27 11 3 21 
 28 6 10 34 
 29 5 9 38 
 30 3 12 51 
 34 2 12 92 
 36 2 8 112 
 38 1 7 136 
 39 1 7 172 
 40 1 8 190 
 41 1 8 223 
 43 1 5 310 
 45 1 4 350 
 47 1 4 370 
 48 1 4 426 
 49 1 3 514 
 51 1 3 551 
 53 1 2 594 
 54 1 2 754 
 55 1 2 820 
 57 1 2 910 
 58 1 2 980 
 60 1 2 1031 
 61 1 3 1141 
 62 1 2 1293 
 63 1 2 1336 
 64 1 2 1397 
 66 1 2 1477 
 67 1 2 1607 
 68 1 2 1668 
 69 1 2 1710 
 70 1 2 1759 
 71 1 2 1805 
 72 1 2 1841 
 73 1 2 1881 
 74 1 2 1972 
 75 1 2 2074 
 76 1 2 2102 
 77 1 2 2188 
 78 1 2 2230 
 79 1 2 2295 
 80 1 2 2331 
 81 1 3 2502 
 82 1 3 2591 
 83 1 3 2627 
 84 1 3 2679 
 85 1 3 2770 
 86 1 3 2806 
 87 1 3 3018 
 88 1 3 3079 
 89 1 3 3128 
 90 1 2 3229 
 91 1 2 3358 
 93 1 1 3480 
 94 1 1 3578 
 95 1 1 3718 
 96 1 1 3867 
 97 1 1 3939 
 98 1 1 3985 
 99 1 1 4044 
 100 1 1 4145 
 101 1 1 4322 
 102 1 1 4531 
 104 1 1 4614 
 105 1 1 4736 
 106 1 1 4823 
 107 1 1 4896 
 108 1 1 5086 
 109 1 1 5181 
 110 1 1 5287 
 111 1 1 5375 
 112 1 1 5412 
 114 1 1 5684 
 115 1 1 5783 
 116 1 1 5842 
 117 1 1 6048 
 118 1 1 6088 
 119 1 1 6223 
 120 1 1 6302 
 121 1 1 6625 
 122 1 1 6684 
 123 1 1 7065 
 125 1 1 7252 
 126 1 1 7375 
 127 1 1 7626 
 128 1 1 7806 
 129 1 1 8151 
 130 1 1 8337 
 131 1 1 8481 
 132 1 1 8720 
 133 1 1 8842 
 134 1 1 9201 
 135 1 1 9444 
 136 1 1 9544 
 137 1 1 9645 
 138 1 1 9992 
 139 1 1 10060 
 140 1 1 10126 
 141 1 1 10607 
 142 1 1 10912 
 143 1 1 11147 
 144 1 1 11408 
 145 1 1 11508 
 146 1 1 11608 
 147 1 1 12145 
 148 1 1 12364 
 149 1 1 12539 
 150 1 1 12888 
 151 1 1 12982 
 152 1 1 13038 
 153 1 1 13536 
 154 1 1 13944 
 155 1 1 14084 
 156 1 1 14435 
 157 1 1 14749 
 158 1 1 14831 
 159 1 1 15133 
 160 1 1 15314 
 161 1 1 15759 
 162 1 1 16194 
 163 1 1 16522 
 164 1 1 16765 
 165 1 1 17011 
 166 1 1 17277 
 167 1 1 17604 
 168 1 1 18003 
 169 1 1 18371 
 170 1 1 18856 
 171 1 1 19277 
 172 1 1 19421 
 173 1 1 19585 
 174 1 1 20105 
 175 1 1 20582 
 176 1 1 20696 
 177 1 1 21096 
 178 1 1 21507 
 179 1 1 21610 
 180 1 1 22125 
 181 1 1 22478 
 182 1 1 22922 
 183 1 1 23017 
 184 1 1 23447 
 185 1 1 23917 
 186 1 1 24299 
 187 1 1 24641 
 188 1 1 25128 
 189 1 1 25564 
 190 1 1 25918 
 191 1 1 26208 
 192 1 1 26466 
 193 1 1 26626 
 194 1 0 27265 
 195 1 0 27720 
 196 1 0 27856 
 197 1 0 28540 
 198 1 0 28910 
 199 1 0 29428 
 200 1 0 29537 
 201 1 0 30398 
 202 1 0 30627 
 203 1 0 31081 
 204 1 0 31444 
 205 1 0 31649 
 206 1 0 32291 
 207 1 0 32766 
 208 1 0 33530 
 209 1 0 34196 
 210 1 0 35016 
 211 1 0 35659 
 212 1 0 36195 
 213 1 0 36857 
 214 1 0 38095 
 215 1 0 38886 
 216 1 0 39497 
 217 1 0 39799 
 218 1 0 40935 
 219 1 0 41646 
 220 1 0 41864 
 221 1 0 43205 
 222 1 0 44298 
 223 1 0 45352 
 224 1 0 45869 
 225 1 0 46758 
 226 1 0 47192 
 227 1 0 48612 
 228 1 0 49656 
 229 1 0 50092 
 230 1 0 51033 
 231 1 0 51423 
 232 1 0 52472 
 233 1 0 53216 
 234 1 0 54296 
 235 1 0 55213 
 236 1 0 55938 
 237 1 0 57005 
 238 1 0 57440 
 239 1 0 58326 
 240 1 0 58489 
 241 1 0 60316 
 242 1 0 61075 
 243 1 0 62590 
 244 1 0 62726 
 245 1 0 64074 
 246 1 0 65184 
 247 1 0 66061 
 248 1 0 67159 
 249 1 0 68280 
 250 1 0 69195 
 251 1 0 70253 
 252 1 0 70770 
 253 1 0 71372 
 254 1 0 73322 
 255 1 0 74578 
 256 1 0 75599 
 257 1 0 76593 
 258 1 0 77765 
 259 1 0 78141 
 260 1 0 79416 
 261 1 0 80855 
 262 1 0 82027 
 263 1 0 83018 
 264 1 0 83782 
 265 1 0 84799 
 266 1 0 85844 
 267 1 0 87480 
 268 1 0 88227 
 269 1 0 89558 
 270 1 0 90576 
 271 1 0 91246 
 272 1 0 91817 
 273 1 0 92736 
 274 1 0 94123 
 275 1 0 95979 
 276 1 0 96606 
 277 1 0 97700 
 278 1 0 98802 
 279 1 0 100016 
 280 1 0 100595 
 281 1 0 102833 
 282 1 0 104344 
 283 1 0 105388 
 284 1 0 106569 
 285 1 0 107400 
 286 1 0 108082 
 287 1 0 110045 
 288 1 0 111403 
 289 1 0 112293 
 290 1 0 113852 
 291 1 0 114722 
 292 1 0 115347 
 293 1 0 117129 
 294 1 0 118572 
 295 1 0 119978 
 296 1 0 121359 
 297 1 0 122057 
 298 1 0 123797 
 299 1 0 124647 
 300 1 0 125765 