
 1 277 0 0 
 7 215 2 0 
 10 167 0 2 
 14 116 1 4 
 15 65 4 11 
 19 53 11 15 
 20 45 8 17 
 22 32 15 33 
 25 16 10 70 
 27 12 9 93 
 28 10 10 147 
 29 10 9 183 
 30 5 11 247 
 34 2 8 466 
 36 2 8 561 
 38 2 8 600 
 39 2 6 685 
 40 2 5 741 
 41 2 3 843 
 43 2 5 1045 
 45 2 4 1180 
 47 2 4 1252 
 48 2 3 1453 
 49 2 3 1709 
 51 2 2 1836 
 53 2 2 1967 
 54 2 2 2374 
 55 2 2 2523 
 57 2 2 2760 
 58 2 2 2910 
 60 2 2 3047 
 61 2 2 3270 
 62 1 2 3568 
 63 1 2 3735 
 64 1 1 3912 
 66 1 1 4133 
 67 1 1 4558 
 68 1 1 4746 
 69 1 1 4925 
 70 1 1 5099 
 71 1 1 5298 
 72 1 1 5479 
 73 1 1 5672 
 74 1 1 5960 
 75 1 1 6353 
 76 1 1 6458 
 77 1 1 6848 
 78 1 1 7071 
 79 1 1 7220 
 80 1 1 7300 
 81 1 1 8022 
 82 1 1 8367 
 83 1 1 8577 
 84 1 1 8819 
 85 1 1 9170 
 86 1 1 9389 
 87 1 1 10106 
 88 1 1 10341 
 89 1 1 10568 
 90 1 1 11053 
 91 1 1 11535 
 93 1 1 11916 
 94 1 1 12341 
 95 1 1 12977 
 96 1 1 13458 
 97 1 1 13708 
 98 1 1 13933 
 99 1 1 14215 
 100 1 1 14668 
 101 1 1 15627 
 102 1 1 16621 
 104 1 1 16864 
 105 1 1 17432 
 106 1 1 17972 
 107 1 1 18234 
 108 1 1 19260 
 109 1 1 19824 
 110 1 1 20530 
 111 1 1 21100 
 112 1 1 21438 
 114 1 1 23098 
 115 1 1 23897 
 116 1 1 24251 
 117 1 1 25135 
 118 1 1 25511 
 119 1 1 26241 
 120 1 1 26468 
 121 1 1 28003 
 122 1 1 28363 
 123 1 1 30188 
 125 1 1 30731 
 126 1 1 31581 
 127 1 1 32413 
 128 1 1 33140 
 129 1 1 34662 
 130 1 1 35426 
 131 1 1 35926 
 132 1 1 36992 
 133 1 1 37742 
 134 1 1 39103 
 135 1 1 40804 
 136 1 1 41262 
 137 1 1 41664 
 138 1 1 43507 
 139 1 1 44114 
 140 1 1 44599 
 141 1 1 46820 
 142 1 1 48164 
 143 1 1 49202 
 144 1 1 50495 
 145 1 1 50953 
 146 1 1 51461 
 147 1 1 54286 
 148 1 1 55179 
 149 1 1 56200 
 150 1 1 58155 
 151 1 1 58917 
 152 1 1 59481 
 153 1 1 61214 
 154 1 1 63591 
 155 1 1 64064 
 156 1 1 66188 
 157 1 1 67593 
 158 1 1 68013 
 159 1 0 69051 
 160 1 0 69883 
 161 1 0 71868 
 162 1 0 73974 
 163 1 0 74946 
 164 1 0 75877 
 165 1 0 77095 
 166 1 0 77962 
 167 1 0 79731 
 168 1 0 81096 
 169 1 0 82219 
 170 1 0 83770 
 171 1 0 84963 
 172 1 0 85331 
 173 1 0 86063 
 174 1 0 88137 
 175 1 0 89797 
 176 1 0 90203 
 177 1 0 91696 
 178 1 0 93060 
 179 1 0 93311 
 180 1 0 95405 
 181 1 0 96847 
 182 1 0 99141 
 183 1 0 99695 
 184 1 0 101293 
 185 1 0 102395 
 186 1 0 103822 
 187 1 0 105004 
 188 1 0 106692 
 189 1 0 108660 
 190 1 0 109657 
 191 1 0 110612 
 192 1 0 111426 
 193 1 0 112284 
 194 1 0 114561 
 195 1 0 116335 
 196 1 0 116770 
 197 1 0 118532 
 198 1 0 119440 
 199 1 0 120930 
 200 1 0 121233 
 201 1 0 124028 
 202 1 0 124705 
 203 1 0 125891 
 204 1 0 127727 
 205 1 0 128364 
 206 1 0 129543 
 207 1 0 130702 
 208 1 0 132682 
 209 1 0 134306 
 210 1 0 135670 
 211 1 0 136749 
 212 1 0 137604 
 213 1 0 138808 
 214 1 0 140388 
 215 1 0 142303 
 216 1 0 143305 
 217 1 0 144091 
 218 1 0 146236 
 219 1 0 147140 
 220 1 0 147645 
 221 1 0 150182 
 222 1 0 151827 
 223 1 0 153077 
 224 1 0 153808 
 225 1 0 155212 
 226 1 0 155861 
 227 1 0 158106 
 228 1 0 159859 
 229 1 0 161153 
 230 1 0 163191 
 231 1 0 164075 
 232 1 0 165999 
 233 1 0 167323 
 234 1 0 169060 
 235 1 0 171432 
 236 1 0 173103 
 237 1 0 174765 
 238 1 0 175699 
 239 1 0 177701 
 240 1 0 178152 
 241 1 0 181665 
 242 1 0 183090 
 243 1 0 184803 
 244 1 0 185160 
 245 1 0 186733 
 246 1 0 189006 
 247 1 0 190654 
 248 1 0 192714 
 249 1 0 194426 
 250 1 0 196245 
 251 1 0 198100 
 252 1 0 199229 
 253 1 0 200508 
 254 1 0 203803 
 255 1 0 205342 
 256 1 0 207525 
 257 1 0 209251 
 258 1 0 211598 
 259 1 0 212430 
 260 1 0 215046 
 261 1 0 217720 
 262 1 0 219567 
 263 1 0 221713 
 264 1 0 223250 
 265 1 0 224973 
 266 1 0 226972 
 267 1 0 229986 
 268 1 0 231586 
 269 1 0 234338 
 270 1 0 236508 
 271 1 0 237933 
 272 1 0 239224 
 273 1 0 240710 
 274 1 0 243366 
 275 1 0 246658 
 276 1 0 247568 
 277 1 0 249606 
 278 1 0 251655 
 279 1 0 253699 
 280 1 0 255242 
 281 1 0 258502 
 282 1 0 260756 
 283 1 0 263155 
 284 1 0 265315 
 285 1 0 267057 
 286 1 0 267859 
 287 1 0 271339 
 288 1 0 274318 
 289 1 0 276186 
 290 1 0 278659 
 291 1 0 279956 
 292 1 0 281653 
 293 1 0 284768 
 294 1 0 287307 
 295 1 0 288877 
 296 1 0 291445 
 297 1 0 292555 
 298 1 0 295479 
 299 1 0 297759 
 300 1 0 300242 