
 1 284 0 0 
 7 223 0 0 
 10 183 0 0 
 14 137 0 0 
 15 81 1 0 
 19 55 5 0 
 20 42 3 3 
 22 23 7 6 
 25 12 11 10 
 27 9 11 17 
 28 5 12 30 
 29 5 12 41 
 30 3 7 55 
 34 1 6 132 
 36 1 8 165 
 38 1 8 192 
 39 1 8 231 
 40 1 6 256 
 41 1 5 311 
 43 1 5 387 
 45 1 5 432 
 47 1 5 454 
 48 1 3 535 
 49 1 3 667 
 51 1 2 714 
 53 1 2 773 
 54 1 2 900 
 55 1 2 951 
 57 1 2 1025 
 58 1 2 1088 
 60 1 2 1156 
 61 1 2 1240 
 62 1 2 1361 
 63 1 2 1431 
 64 1 2 1488 
 66 1 2 1569 
 67 1 2 1720 
 68 1 2 1801 
 69 1 2 1852 
 70 1 2 1923 
 71 1 2 1980 
 72 1 2 2069 
 73 1 2 2113 
 74 1 2 2221 
 75 1 2 2343 
 76 1 2 2372 
 77 1 2 2514 
 78 1 2 2581 
 79 1 2 2648 
 80 1 2 2704 
 81 1 2 2915 
 82 1 2 3013 
 83 1 2 3065 
 84 1 2 3127 
 85 1 2 3225 
 86 1 2 3292 
 87 1 2 3514 
 88 1 2 3607 
 89 1 2 3695 
 90 1 2 3848 
 91 1 2 4001 
 93 1 2 4139 
 94 1 2 4190 
 95 1 2 4293 
 96 1 2 4466 
 97 1 1 4563 
 98 1 1 4619 
 99 1 1 4689 
 100 1 1 4801 
 101 1 1 5104 
 102 1 1 5322 
 104 1 1 5436 
 105 1 1 5600 
 106 1 1 5724 
 107 1 1 5814 
 108 1 1 5990 
 109 1 1 6126 
 110 1 1 6300 
 111 1 1 6464 
 112 1 1 6515 
 114 1 1 6945 
 115 1 1 7133 
 116 1 1 7234 
 117 1 1 7542 
 118 1 1 7639 
 119 1 1 7800 
 120 1 1 7916 
 121 1 1 8321 
 122 1 1 8410 
 123 1 1 8880 
 125 1 1 9055 
 126 1 1 9202 
 127 1 1 9381 
 128 1 1 9616 
 129 1 1 10049 
 130 1 1 10226 
 131 1 1 10328 
 132 1 1 10619 
 133 1 1 10784 
 134 1 1 11212 
 135 1 1 11747 
 136 1 1 11851 
 137 1 1 11975 
 138 1 1 12507 
 139 1 1 12660 
 140 1 1 12726 
 141 1 1 13199 
 142 1 1 13544 
 143 1 1 13789 
 144 1 1 14132 
 145 1 1 14254 
 146 1 1 14398 
 147 1 1 15206 
 148 1 1 15543 
 149 1 1 15863 
 150 1 1 16333 
 151 1 1 16568 
 152 1 1 16726 
 153 1 1 17363 
 154 1 1 17966 
 155 1 1 18113 
 156 1 1 18703 
 157 1 1 19157 
 158 1 1 19293 
 159 1 1 19679 
 160 1 1 19847 
 161 1 1 20402 
 162 1 1 20991 
 163 1 1 21492 
 164 1 1 21813 
 165 1 1 22226 
 166 1 1 22535 
 167 1 1 22945 
 168 1 1 23548 
 169 1 1 24007 
 170 1 1 24580 
 171 1 1 25011 
 172 1 1 25151 
 173 1 1 25543 
 174 1 1 26366 
 175 1 1 26983 
 176 1 1 27128 
 177 1 1 27656 
 178 1 1 28077 
 179 1 1 28227 
 180 1 1 28931 
 181 1 1 29376 
 182 1 0 30055 
 183 1 0 30189 
 184 1 0 30958 
 185 1 0 31459 
 186 1 0 32194 
 187 1 0 32609 
 188 1 0 33402 
 189 1 0 34163 
 190 1 0 34662 
 191 1 0 35290 
 192 1 0 35597 
 193 1 0 35939 
 194 1 0 37272 
 195 1 0 38070 
 196 1 0 38171 
 197 1 0 39343 
 198 1 0 39852 
 199 1 0 40810 
 200 1 0 40986 
 201 1 0 42354 
 202 1 0 42846 
 203 1 0 43796 
 204 1 0 44739 
 205 1 0 45271 
 206 1 0 46252 
 207 1 0 46919 
 208 1 0 47955 
 209 1 0 48886 
 210 1 0 49811 
 211 1 0 50350 
 212 1 0 51240 
 213 1 0 52014 
 214 1 0 53385 
 215 1 0 54260 
 216 1 0 54762 
 217 1 0 55206 
 218 1 0 56474 
 219 1 0 57337 
 220 1 0 57744 
 221 1 0 59140 
 222 1 0 60381 
 223 1 0 61030 
 224 1 0 61672 
 225 1 0 62828 
 226 1 0 63476 
 227 1 0 64917 
 228 1 0 66156 
 229 1 0 66855 
 230 1 0 68064 
 231 1 0 68503 
 232 1 0 69915 
 233 1 0 70965 
 234 1 0 71882 
 235 1 0 73183 
 236 1 0 74332 
 237 1 0 75464 
 238 1 0 75877 
 239 1 0 77156 
 240 1 0 77351 
 241 1 0 79437 
 242 1 0 80494 
 243 1 0 81728 
 244 1 0 82013 
 245 1 0 83400 
 246 1 0 84938 
 247 1 0 86113 
 248 1 0 87795 
 249 1 0 89176 
 250 1 0 90395 
 251 1 0 91841 
 252 1 0 92789 
 253 1 0 93701 
 254 1 0 96098 
 255 1 0 97257 
 256 1 0 98597 
 257 1 0 99931 
 258 1 0 101320 
 259 1 0 101681 
 260 1 0 103790 
 261 1 0 106003 
 262 1 0 107141 
 263 1 0 108381 
 264 1 0 109462 
 265 1 0 110807 
 266 1 0 112145 
 267 1 0 114326 
 268 1 0 115497 
 269 1 0 117794 
 270 1 0 119460 
 271 1 0 120436 
 272 1 0 121581 
 273 1 0 122822 
 274 1 0 124751 
 275 1 0 128052 
 276 1 0 128741 
 277 1 0 130168 
 278 1 0 131781 
 279 1 0 133499 
 280 1 0 134509 
 281 1 0 136874 
 282 1 0 138791 
 283 1 0 141221 
 284 1 0 143295 
 285 1 0 144612 
 286 1 0 145367 
 287 1 0 148002 
 288 1 0 149788 
 289 1 0 151155 
 290 1 0 152978 
 291 1 0 153847 
 292 1 0 155040 
 293 1 0 156992 
 294 1 0 158635 
 295 1 0 160207 
 296 1 0 162166 
 297 1 0 163275 
 298 1 0 165462 
 299 1 0 167192 
 300 1 0 168960 