
 1 281 0 0 
 7 216 1 0 
 10 176 0 1 
 14 130 3 2 
 15 85 4 5 
 19 68 9 5 
 20 46 7 11 
 22 22 12 27 
 25 18 10 45 
 27 13 10 69 
 28 9 13 107 
 29 7 9 130 
 30 3 7 172 
 34 2 4 322 
 36 2 2 401 
 38 2 2 439 
 39 2 5 504 
 40 2 5 528 
 41 1 5 597 
 43 1 2 804 
 45 1 3 888 
 47 1 3 922 
 48 1 3 1127 
 49 1 3 1360 
 51 1 2 1515 
 53 1 2 1638 
 54 1 2 1947 
 55 1 2 2056 
 57 1 2 2222 
 58 1 2 2341 
 60 1 2 2478 
 61 1 2 2672 
 62 1 2 2946 
 63 1 2 3154 
 64 1 2 3276 
 66 1 2 3440 
 67 1 2 3798 
 68 1 2 3927 
 69 1 2 4051 
 70 1 2 4154 
 71 1 2 4307 
 72 1 2 4477 
 73 1 2 4644 
 74 1 2 4854 
 75 1 2 5087 
 76 1 2 5134 
 77 1 2 5363 
 78 1 2 5509 
 79 1 2 5655 
 80 1 2 5717 
 81 1 2 6113 
 82 1 2 6371 
 83 1 2 6485 
 84 1 2 6652 
 85 1 2 6853 
 86 1 2 6986 
 87 1 1 7482 
 88 1 1 7587 
 89 1 1 7748 
 90 1 1 8089 
 91 1 1 8396 
 93 1 1 8763 
 94 1 1 8965 
 95 1 1 9333 
 96 1 1 9683 
 97 1 1 9795 
 98 1 1 10025 
 99 1 1 10233 
 100 1 1 10532 
 101 1 1 11202 
 102 1 1 11688 
 104 1 1 11934 
 105 1 1 12321 
 106 1 1 12776 
 107 1 1 13106 
 108 1 1 13745 
 109 1 1 14173 
 110 1 1 14611 
 111 1 1 15114 
 112 1 1 15470 
 114 1 1 16683 
 115 1 1 17140 
 116 1 1 17390 
 117 1 1 18247 
 118 1 1 18436 
 119 1 1 18826 
 120 1 1 19039 
 121 1 1 20095 
 122 1 1 20353 
 123 1 1 21568 
 125 1 1 22035 
 126 1 1 22579 
 127 1 1 23080 
 128 1 1 23646 
 129 1 1 24690 
 130 1 1 25073 
 131 1 1 25326 
 132 1 1 26086 
 133 1 1 26546 
 134 1 1 27349 
 135 1 1 28267 
 136 1 1 28486 
 137 1 1 28812 
 138 1 1 29683 
 139 1 1 30005 
 140 1 1 30298 
 141 1 1 31248 
 142 1 1 32073 
 143 1 1 32651 
 144 1 1 33370 
 145 1 1 33582 
 146 1 1 33888 
 147 1 1 35197 
 148 1 1 35660 
 149 1 1 36105 
 150 1 1 37119 
 151 1 1 37599 
 152 1 1 37945 
 153 1 1 38855 
 154 1 1 39816 
 155 1 1 40157 
 156 1 1 41062 
 157 1 1 41946 
 158 1 1 42281 
 159 1 1 43159 
 160 1 1 43616 
 161 1 1 44669 
 162 1 1 45650 
 163 1 1 46313 
 164 1 1 46823 
 165 1 1 47646 
 166 1 1 48260 
 167 1 1 48956 
 168 1 1 49996 
 169 1 1 50890 
 170 1 1 51871 
 171 1 1 52601 
 172 1 1 52902 
 173 1 1 53457 
 174 1 0 55047 
 175 1 0 56336 
 176 1 0 56688 
 177 1 0 57821 
 178 1 0 58578 
 179 1 0 58740 
 180 1 0 59969 
 181 1 0 60876 
 182 1 0 62224 
 183 1 0 62469 
 184 1 0 63751 
 185 1 0 64494 
 186 1 0 65505 
 187 1 0 66033 
 188 1 0 67154 
 189 1 0 68033 
 190 1 0 68953 
 191 1 0 69868 
 192 1 0 70491 
 193 1 0 70887 
 194 1 0 72595 
 195 1 0 73870 
 196 1 0 74118 
 197 1 0 75558 
 198 1 0 76474 
 199 1 0 77663 
 200 1 0 77940 
 201 1 0 80290 
 202 1 0 80720 
 203 1 0 82022 
 204 1 0 83281 
 205 1 0 83753 
 206 1 0 85126 
 207 1 0 86272 
 208 1 0 87283 
 209 1 0 88651 
 210 1 0 89922 
 211 1 0 90796 
 212 1 0 91643 
 213 1 0 92701 
 214 1 0 94382 
 215 1 0 96048 
 216 1 0 96981 
 217 1 0 97457 
 218 1 0 99523 
 219 1 0 100478 
 220 1 0 101259 
 221 1 0 103163 
 222 1 0 104971 
 223 1 0 106030 
 224 1 0 106800 
 225 1 0 108033 
 226 1 0 108552 
 227 1 0 110362 
 228 1 0 111803 
 229 1 0 112754 
 230 1 0 114246 
 231 1 0 114767 
 232 1 0 116478 
 233 1 0 117712 
 234 1 0 118997 
 235 1 0 120570 
 236 1 0 121868 
 237 1 0 123136 
 238 1 0 123779 
 239 1 0 125654 
 240 1 0 125763 
 241 1 0 128816 
 242 1 0 130176 
 243 1 0 131782 
 244 1 0 132032 
 245 1 0 133464 
 246 1 0 135411 
 247 1 0 136365 
 248 1 0 137637 
 249 1 0 138940 
 250 1 0 140246 
 251 1 0 142051 
 252 1 0 142892 
 253 1 0 143636 
 254 1 0 145770 
 255 1 0 146861 
 256 1 0 148098 
 257 1 0 149461 
 258 1 0 150924 
 259 1 0 151415 
 260 1 0 153812 
 261 1 0 155571 
 262 1 0 156536 
 263 1 0 158265 
 264 1 0 159269 
 265 1 0 160862 
 266 1 0 162529 
 267 1 0 164676 
 268 1 0 165755 
 269 1 0 168426 
 270 1 0 170310 
 271 1 0 171493 
 272 1 0 172625 
 273 1 0 173869 
 274 1 0 175855 
 275 1 0 179047 
 276 1 0 179721 
 277 1 0 181145 
 278 1 0 183146 
 279 1 0 185230 
 280 1 0 186376 
 281 1 0 188562 
 282 1 0 190747 
 283 1 0 193052 
 284 1 0 194862 
 285 1 0 196413 
 286 1 0 197374 
 287 1 0 200405 
 288 1 0 202591 
 289 1 0 203933 
 290 1 0 206423 
 291 1 0 207639 
 292 1 0 208790 
 293 1 0 212384 
 294 1 0 214470 
 295 1 0 216494 
 296 1 0 218726 
 297 1 0 219717 
 298 1 0 222638 
 299 1 0 224386 
 300 1 0 226713 