
 1 290 0 0 
 7 225 0 0 
 10 185 0 0 
 14 136 1 0 
 15 81 1 1 
 19 63 8 1 
 20 54 4 4 
 22 34 6 7 
 25 21 12 19 
 27 14 13 24 
 28 10 14 44 
 29 9 10 53 
 30 7 8 77 
 34 1 11 150 
 36 1 9 183 
 38 1 8 199 
 39 1 5 230 
 40 1 5 245 
 41 1 3 299 
 43 1 3 398 
 45 1 3 445 
 47 1 3 465 
 48 1 3 556 
 49 1 3 690 
 51 1 3 740 
 53 1 3 825 
 54 1 2 1005 
 55 1 2 1088 
 57 1 2 1199 
 58 1 2 1280 
 60 1 2 1331 
 61 1 2 1420 
 62 1 2 1549 
 63 1 2 1630 
 64 1 2 1708 
 66 1 2 1835 
 67 1 2 2001 
 68 1 2 2107 
 69 1 2 2175 
 70 1 2 2241 
 71 1 2 2338 
 72 1 2 2416 
 73 1 2 2509 
 74 1 2 2614 
 75 1 2 2779 
 76 1 2 2813 
 77 1 2 2931 
 78 1 2 3020 
 79 1 2 3097 
 80 1 2 3136 
 81 1 2 3327 
 82 1 1 3517 
 83 1 1 3581 
 84 1 1 3654 
 85 1 1 3782 
 86 1 1 3903 
 87 1 1 4193 
 88 1 1 4282 
 89 1 1 4352 
 90 1 1 4542 
 91 1 1 4729 
 93 1 1 4908 
 94 1 1 5020 
 95 1 1 5225 
 96 1 1 5402 
 97 1 1 5514 
 98 1 1 5593 
 99 1 1 5690 
 100 1 1 5895 
 101 1 1 6232 
 102 1 1 6542 
 104 1 1 6621 
 105 1 1 6853 
 106 1 1 7090 
 107 1 1 7223 
 108 1 1 7557 
 109 1 1 7816 
 110 1 1 8108 
 111 1 1 8446 
 112 1 1 8541 
 114 1 1 9250 
 115 1 1 9520 
 116 1 1 9680 
 117 1 1 10188 
 118 1 1 10386 
 119 1 1 10828 
 120 1 1 11037 
 121 1 1 11731 
 122 1 1 11900 
 123 1 1 12659 
 125 1 1 13001 
 126 1 1 13520 
 127 1 1 14054 
 128 1 1 14410 
 129 1 1 15165 
 130 1 1 15690 
 131 1 1 15831 
 132 1 1 16428 
 133 1 1 17052 
 134 1 1 17927 
 135 1 1 18906 
 136 1 1 19139 
 137 1 1 19406 
 138 1 1 20669 
 139 1 1 20919 
 140 1 1 21110 
 141 1 1 22303 
 142 1 1 23328 
 143 1 1 23993 
 144 1 1 24670 
 145 1 1 24890 
 146 1 1 25265 
 147 1 1 26944 
 148 1 1 27471 
 149 1 1 28169 
 150 1 1 29234 
 151 1 1 29750 
 152 1 1 30006 
 153 1 1 31426 
 154 1 1 32707 
 155 1 1 32922 
 156 1 1 34308 
 157 1 1 35304 
 158 1 1 35631 
 159 1 1 36489 
 160 1 1 36989 
 161 1 1 38652 
 162 1 1 40044 
 163 1 1 40949 
 164 1 1 41766 
 165 1 1 42746 
 166 1 1 43284 
 167 1 1 44719 
 168 1 1 46192 
 169 1 1 47229 
 170 1 1 48604 
 171 1 1 49586 
 172 1 1 50029 
 173 1 1 50684 
 174 1 1 52605 
 175 1 1 54158 
 176 1 1 54463 
 177 1 1 55812 
 178 1 1 56845 
 179 1 1 57219 
 180 1 1 58848 
 181 1 1 60284 
 182 1 1 61953 
 183 1 0 62284 
 184 1 0 63652 
 185 1 0 64286 
 186 1 0 65296 
 187 1 0 66042 
 188 1 0 67312 
 189 1 0 68629 
 190 1 0 69385 
 191 1 0 70163 
 192 1 0 70597 
 193 1 0 71218 
 194 1 0 73340 
 195 1 0 74776 
 196 1 0 75121 
 197 1 0 76426 
 198 1 0 77054 
 199 1 0 78346 
 200 1 0 78700 
 201 1 0 81681 
 202 1 0 82444 
 203 1 0 84095 
 204 1 0 85761 
 205 1 0 86543 
 206 1 0 87879 
 207 1 0 89477 
 208 1 0 91994 
 209 1 0 93730 
 210 1 0 95703 
 211 1 0 96844 
 212 1 0 97866 
 213 1 0 99180 
 214 1 0 101384 
 215 1 0 103398 
 216 1 0 104754 
 217 1 0 105346 
 218 1 0 107759 
 219 1 0 108912 
 220 1 0 109466 
 221 1 0 112472 
 222 1 0 114301 
 223 1 0 115471 
 224 1 0 116820 
 225 1 0 118316 
 226 1 0 119092 
 227 1 0 121486 
 228 1 0 123694 
 229 1 0 124975 
 230 1 0 127067 
 231 1 0 127956 
 232 1 0 130301 
 233 1 0 131840 
 234 1 0 133618 
 235 1 0 135847 
 236 1 0 137719 
 237 1 0 139582 
 238 1 0 140333 
 239 1 0 142228 
 240 1 0 142634 
 241 1 0 145993 
 242 1 0 147381 
 243 1 0 149738 
 244 1 0 150120 
 245 1 0 151887 
 246 1 0 154517 
 247 1 0 156007 
 248 1 0 158062 
 249 1 0 160086 
 250 1 0 162025 
 251 1 0 164255 
 252 1 0 165678 
 253 1 0 167065 
 254 1 0 169993 
 255 1 0 171614 
 256 1 0 173727 
 257 1 0 175199 
 258 1 0 177421 
 259 1 0 178215 
 260 1 0 181045 
 261 1 0 183553 
 262 1 0 185813 
 263 1 0 188013 
 264 1 0 189552 
 265 1 0 191465 
 266 1 0 193854 
 267 1 0 196814 
 268 1 0 197769 
 269 1 0 201177 
 270 1 0 203829 
 271 1 0 205369 
 272 1 0 206369 
 273 1 0 208131 
 274 1 0 211310 
 275 1 0 215227 
 276 1 0 216159 
 277 1 0 218026 
 278 1 0 220248 
 279 1 0 222909 
 280 1 0 224466 
 281 1 0 227577 
 282 1 0 230070 
 283 1 0 232706 
 284 1 0 234942 
 285 1 0 236849 
 286 1 0 237981 
 287 1 0 241561 
 288 1 0 244562 
 289 1 0 246552 
 290 1 0 249765 
 291 1 0 251494 
 292 1 0 252770 
 293 1 0 256146 
 294 1 0 258664 
 295 1 0 260624 
 296 1 0 263311 
 297 1 0 264901 
 298 1 0 268478 
 299 1 0 270875 
 300 1 0 273990 