
 1 285 0 0 
 7 224 0 0 
 10 183 1 0 
 14 149 3 1 
 15 99 2 9 
 19 71 5 11 
 20 55 4 15 
 22 33 9 30 
 25 19 10 49 
 27 16 8 56 
 28 11 11 84 
 29 9 8 99 
 30 8 8 132 
 34 6 6 249 
 36 4 5 295 
 38 3 4 332 
 39 2 4 379 
 40 2 4 403 
 41 1 5 452 
 43 1 5 544 
 45 1 7 604 
 47 1 6 627 
 48 1 4 704 
 49 1 3 803 
 51 1 2 861 
 53 1 2 915 
 54 1 2 1077 
 55 1 2 1151 
 57 1 2 1259 
 58 1 2 1316 
 60 1 2 1350 
 61 1 2 1424 
 62 1 2 1528 
 63 1 2 1599 
 64 1 2 1666 
 66 1 2 1790 
 67 1 2 1951 
 68 1 2 2013 
 69 1 2 2087 
 70 1 2 2154 
 71 1 2 2230 
 72 1 2 2273 
 73 1 2 2329 
 74 1 2 2417 
 75 1 2 2530 
 76 1 2 2561 
 77 1 2 2693 
 78 1 2 2761 
 79 1 2 2830 
 80 1 2 2870 
 81 1 2 3011 
 82 1 2 3102 
 83 1 2 3179 
 84 1 2 3210 
 85 1 2 3330 
 86 1 2 3379 
 87 1 2 3553 
 88 1 2 3625 
 89 1 2 3697 
 90 1 2 3795 
 91 1 2 3898 
 93 1 2 3992 
 94 1 2 4071 
 95 1 2 4175 
 96 1 2 4305 
 97 1 2 4359 
 98 1 2 4408 
 99 1 2 4459 
 100 1 2 4560 
 101 1 2 4764 
 102 1 2 4947 
 104 1 2 5033 
 105 1 2 5116 
 106 1 2 5233 
 107 1 2 5319 
 108 1 1 5500 
 109 1 1 5633 
 110 1 1 5782 
 111 1 1 5891 
 112 1 1 5927 
 114 1 1 6195 
 115 1 1 6299 
 116 1 1 6376 
 117 1 1 6537 
 118 1 1 6595 
 119 1 1 6688 
 120 1 1 6740 
 121 1 1 7029 
 122 1 1 7086 
 123 1 1 7313 
 125 1 1 7435 
 126 1 1 7534 
 127 1 1 7673 
 128 1 1 7784 
 129 1 1 8044 
 130 1 1 8158 
 131 1 1 8215 
 132 1 1 8362 
 133 1 1 8473 
 134 1 1 8633 
 135 1 1 8890 
 136 1 1 8922 
 137 1 1 8997 
 138 1 1 9242 
 139 1 1 9313 
 140 1 1 9406 
 141 1 1 9754 
 142 1 1 10048 
 143 1 1 10234 
 144 1 1 10509 
 145 1 1 10581 
 146 1 1 10667 
 147 1 1 11252 
 148 1 1 11486 
 149 1 1 11696 
 150 1 1 12070 
 151 1 1 12219 
 152 1 1 12339 
 153 1 1 12728 
 154 1 1 13283 
 155 1 1 13353 
 156 1 1 13818 
 157 1 1 14073 
 158 1 1 14183 
 159 1 1 14416 
 160 1 1 14534 
 161 1 1 15023 
 162 1 1 15376 
 163 1 1 15715 
 164 1 1 15957 
 165 1 1 16295 
 166 1 1 16480 
 167 1 1 16837 
 168 1 1 17368 
 169 1 1 17655 
 170 1 1 18089 
 171 1 1 18416 
 172 1 1 18596 
 173 1 1 18848 
 174 1 1 19422 
 175 1 1 19824 
 176 1 1 19960 
 177 1 1 20448 
 178 1 1 20777 
 179 1 1 20887 
 180 1 1 21341 
 181 1 1 21703 
 182 1 1 22279 
 183 1 1 22358 
 184 1 1 22768 
 185 1 1 23095 
 186 1 1 23530 
 187 1 1 23842 
 188 1 1 24462 
 189 1 1 24943 
 190 1 1 25226 
 191 1 1 25568 
 192 1 1 25826 
 193 1 1 26075 
 194 1 1 26854 
 195 1 1 27570 
 196 1 1 27656 
 197 1 1 28192 
 198 1 1 28477 
 199 1 1 28915 
 200 1 1 28982 
 201 1 1 29959 
 202 1 1 30149 
 203 1 1 30584 
 204 1 1 30915 
 205 1 0 31156 
 206 1 0 31662 
 207 1 0 32060 
 208 1 0 32598 
 209 1 0 33158 
 210 1 0 33741 
 211 1 0 34089 
 212 1 0 34467 
 213 1 0 34769 
 214 1 0 35527 
 215 1 0 36115 
 216 1 0 36493 
 217 1 0 36597 
 218 1 0 37392 
 219 1 0 37796 
 220 1 0 38091 
 221 1 0 39402 
 222 1 0 40172 
 223 1 0 40816 
 224 1 0 41510 
 225 1 0 42103 
 226 1 0 42448 
 227 1 0 43752 
 228 1 0 44889 
 229 1 0 45720 
 230 1 0 47147 
 231 1 0 47923 
 232 1 0 48979 
 233 1 0 49931 
 234 1 0 51206 
 235 1 0 52610 
 236 1 0 53574 
 237 1 0 54787 
 238 1 0 55352 
 239 1 0 56915 
 240 1 0 57157 
 241 1 0 59693 
 242 1 0 60746 
 243 1 0 62143 
 244 1 0 62538 
 245 1 0 63741 
 246 1 0 65144 
 247 1 0 66475 
 248 1 0 68670 
 249 1 0 70532 
 250 1 0 71982 
 251 1 0 73207 
 252 1 0 74392 
 253 1 0 75902 
 254 1 0 78880 
 255 1 0 80080 
 256 1 0 81872 
 257 1 0 83327 
 258 1 0 85245 
 259 1 0 86037 
 260 1 0 88430 
 261 1 0 91079 
 262 1 0 92526 
 263 1 0 94442 
 264 1 0 95818 
 265 1 0 97343 
 266 1 0 99662 
 267 1 0 102249 
 268 1 0 103300 
 269 1 0 106246 
 270 1 0 108477 
 271 1 0 109642 
 272 1 0 110687 
 273 1 0 112172 
 274 1 0 114473 
 275 1 0 118346 
 276 1 0 119594 
 277 1 0 121317 
 278 1 0 123997 
 279 1 0 126098 
 280 1 0 127529 
 281 1 0 131126 
 282 1 0 133878 
 283 1 0 136476 
 284 1 0 138978 
 285 1 0 141110 
 286 1 0 142091 
 287 1 0 146025 
 288 1 0 148655 
 289 1 0 150849 
 290 1 0 153830 
 291 1 0 155164 
 292 1 0 156573 
 293 1 0 160454 
 294 1 0 162929 
 295 1 0 165314 
 296 1 0 167840 
 297 1 0 169732 
 298 1 0 173179 
 299 1 0 175612 
 300 1 0 178767 