
 1 279 0 0 
 7 226 0 0 
 10 174 1 0 
 14 138 0 1 
 15 85 1 2 
 19 68 4 2 
 20 51 0 4 
 22 32 7 9 
 25 23 9 17 
 27 17 10 20 
 28 12 13 30 
 29 7 9 39 
 30 3 6 65 
 34 1 8 134 
 36 1 6 166 
 38 1 6 180 
 39 1 7 202 
 40 1 8 215 
 41 1 5 278 
 43 1 2 355 
 45 1 2 386 
 47 1 2 411 
 48 1 2 456 
 49 1 2 524 
 51 1 2 585 
 53 1 2 618 
 54 1 2 742 
 55 1 2 810 
 57 1 2 865 
 58 1 2 925 
 60 1 2 976 
 61 1 2 1039 
 62 1 2 1129 
 63 1 2 1157 
 64 1 2 1197 
 66 1 2 1267 
 67 1 2 1421 
 68 1 2 1472 
 69 1 2 1510 
 70 1 2 1557 
 71 1 2 1606 
 72 1 2 1657 
 73 1 2 1714 
 74 1 2 1791 
 75 1 2 1868 
 76 1 2 1879 
 77 1 2 2002 
 78 1 2 2056 
 79 1 2 2094 
 80 1 2 2118 
 81 1 2 2252 
 82 1 2 2366 
 83 1 2 2414 
 84 1 2 2482 
 85 1 2 2557 
 86 1 2 2617 
 87 1 2 2799 
 88 1 2 2830 
 89 1 2 2886 
 90 1 2 2996 
 91 1 2 3096 
 93 1 2 3186 
 94 1 2 3253 
 95 1 2 3369 
 96 1 2 3453 
 97 1 2 3498 
 98 1 2 3527 
 99 1 2 3575 
 100 1 2 3671 
 101 1 2 3893 
 102 1 2 4111 
 104 1 2 4196 
 105 1 2 4325 
 106 1 2 4426 
 107 1 2 4527 
 108 1 2 4685 
 109 1 2 4787 
 110 1 2 4904 
 111 1 2 4993 
 112 1 1 5030 
 114 1 1 5401 
 115 1 1 5539 
 116 1 1 5624 
 117 1 1 5889 
 118 1 1 5942 
 119 1 1 6169 
 120 1 1 6242 
 121 1 1 6681 
 122 1 1 6806 
 123 1 1 7401 
 125 1 1 7593 
 126 1 1 7778 
 127 1 1 8191 
 128 1 1 8390 
 129 1 1 8911 
 130 1 1 9119 
 131 1 1 9291 
 132 1 1 9492 
 133 1 1 9712 
 134 1 1 10273 
 135 1 1 10886 
 136 1 1 11060 
 137 1 1 11174 
 138 1 1 11869 
 139 1 1 12088 
 140 1 1 12241 
 141 1 1 12995 
 142 1 1 13658 
 143 1 1 13933 
 144 1 1 14506 
 145 1 1 14629 
 146 1 1 14843 
 147 1 1 15660 
 148 1 1 16065 
 149 1 1 16491 
 150 1 1 16979 
 151 1 1 17345 
 152 1 1 17516 
 153 1 1 18291 
 154 1 1 19149 
 155 1 1 19430 
 156 1 1 20243 
 157 1 1 20725 
 158 1 1 20958 
 159 1 1 21503 
 160 1 1 21740 
 161 1 1 22556 
 162 1 1 23289 
 163 1 1 23972 
 164 1 1 24287 
 165 1 1 25030 
 166 1 1 25414 
 167 1 1 26188 
 168 1 1 26936 
 169 1 1 27448 
 170 1 1 28158 
 171 1 1 28708 
 172 1 1 28865 
 173 1 1 29232 
 174 1 1 30488 
 175 1 1 31388 
 176 1 1 31590 
 177 1 1 32345 
 178 1 1 33045 
 179 1 1 33215 
 180 1 1 34255 
 181 1 1 35052 
 182 1 1 36199 
 183 1 1 36324 
 184 1 1 36983 
 185 1 1 37512 
 186 1 1 38320 
 187 1 1 38815 
 188 1 1 39666 
 189 1 1 40546 
 190 1 1 41294 
 191 1 1 41800 
 192 1 1 42178 
 193 1 1 42452 
 194 1 1 43438 
 195 1 1 44383 
 196 1 1 44744 
 197 1 1 45759 
 198 1 1 46279 
 199 1 1 47017 
 200 1 1 47181 
 201 1 1 48650 
 202 1 1 49025 
 203 1 1 49764 
 204 1 1 50626 
 205 1 1 51059 
 206 1 1 51937 
 207 1 1 52640 
 208 1 1 53674 
 209 1 1 54309 
 210 1 1 54924 
 211 1 1 55693 
 212 1 0 56253 
 213 1 0 56732 
 214 1 0 57916 
 215 1 0 58992 
 216 1 0 59583 
 217 1 0 59824 
 218 1 0 60849 
 219 1 0 61297 
 220 1 0 61742 
 221 1 0 62934 
 222 1 0 63872 
 223 1 0 64573 
 224 1 0 65227 
 225 1 0 65981 
 226 1 0 66405 
 227 1 0 67787 
 228 1 0 68679 
 229 1 0 69378 
 230 1 0 70539 
 231 1 0 70895 
 232 1 0 71838 
 233 1 0 72759 
 234 1 0 73698 
 235 1 0 74612 
 236 1 0 75581 
 237 1 0 76622 
 238 1 0 77085 
 239 1 0 78426 
 240 1 0 78674 
 241 1 0 80607 
 242 1 0 81262 
 243 1 0 82630 
 244 1 0 82855 
 245 1 0 84308 
 246 1 0 85330 
 247 1 0 86085 
 248 1 0 87322 
 249 1 0 88494 
 250 1 0 89784 
 251 1 0 90795 
 252 1 0 91409 
 253 1 0 92102 
 254 1 0 93746 
 255 1 0 94393 
 256 1 0 95518 
 257 1 0 96522 
 258 1 0 97908 
 259 1 0 98377 
 260 1 0 100070 
 261 1 0 101416 
 262 1 0 102415 
 263 1 0 103713 
 264 1 0 104740 
 265 1 0 105955 
 266 1 0 107192 
 267 1 0 108594 
 268 1 0 109428 
 269 1 0 110863 
 270 1 0 112178 
 271 1 0 112883 
 272 1 0 113686 
 273 1 0 114800 
 274 1 0 116320 
 275 1 0 118781 
 276 1 0 119302 
 277 1 0 120285 
 278 1 0 121851 
 279 1 0 123099 
 280 1 0 123872 
 281 1 0 125895 
 282 1 0 127655 
 283 1 0 129028 
 284 1 0 130273 
 285 1 0 131199 
 286 1 0 131900 
 287 1 0 134330 
 288 1 0 135804 
 289 1 0 136822 
 290 1 0 138828 
 291 1 0 139616 
 292 1 0 140563 
 293 1 0 142569 
 294 1 0 144126 
 295 1 0 145427 
 296 1 0 147249 
 297 1 0 147924 
 298 1 0 149903 
 299 1 0 151422 
 300 1 0 152956 