
 1 287 0 0 
 7 225 0 0 
 10 177 0 0 
 14 132 0 0 
 15 78 1 0 
 19 52 6 0 
 20 43 9 0 
 22 29 11 4 
 25 18 17 14 
 27 11 18 25 
 28 9 21 40 
 29 8 14 45 
 30 7 8 85 
 34 2 5 229 
 36 2 5 278 
 38 2 6 303 
 39 2 5 365 
 40 2 3 411 
 41 2 3 469 
 43 2 2 629 
 45 2 2 711 
 47 2 3 739 
 48 2 3 888 
 49 2 3 1103 
 51 2 3 1212 
 53 2 3 1327 
 54 2 3 1632 
 55 2 3 1793 
 57 2 2 1954 
 58 2 2 2046 
 60 2 2 2170 
 61 2 2 2314 
 62 2 2 2534 
 63 2 2 2660 
 64 1 2 2783 
 66 1 2 2922 
 67 1 2 3182 
 68 1 2 3362 
 69 1 2 3484 
 70 1 2 3623 
 71 1 2 3762 
 72 1 2 3878 
 73 1 2 3997 
 74 1 2 4184 
 75 1 2 4365 
 76 1 2 4427 
 77 1 2 4665 
 78 1 2 4763 
 79 1 2 4882 
 80 1 2 4935 
 81 1 1 5278 
 82 1 1 5473 
 83 1 1 5603 
 84 1 1 5718 
 85 1 1 5887 
 86 1 1 5984 
 87 1 1 6421 
 88 1 1 6568 
 89 1 1 6686 
 90 1 1 6913 
 91 1 1 7145 
 93 1 1 7323 
 94 1 1 7499 
 95 1 1 7940 
 96 1 1 8231 
 97 1 1 8389 
 98 1 1 8566 
 99 1 1 8720 
 100 1 1 9095 
 101 1 1 9791 
 102 1 1 10417 
 104 1 1 10693 
 105 1 1 10962 
 106 1 1 11213 
 107 1 1 11492 
 108 1 1 12077 
 109 1 1 12627 
 110 1 1 13054 
 111 1 1 13393 
 112 1 1 13686 
 114 1 1 14810 
 115 1 1 15330 
 116 1 1 15568 
 117 1 1 16167 
 118 1 1 16422 
 119 1 1 16888 
 120 1 1 17204 
 121 1 1 18021 
 122 1 1 18301 
 123 1 1 19380 
 125 1 1 19842 
 126 1 1 20467 
 127 1 1 21222 
 128 1 1 21824 
 129 1 1 22785 
 130 1 1 23294 
 131 1 1 23663 
 132 1 1 24299 
 133 1 1 25094 
 134 1 1 26523 
 135 1 1 27600 
 136 1 1 28021 
 137 1 1 28253 
 138 1 1 29571 
 139 1 1 30033 
 140 1 1 30338 
 141 1 1 32084 
 142 1 1 33392 
 143 1 1 33945 
 144 1 1 35051 
 145 1 1 35449 
 146 1 1 35736 
 147 1 1 37904 
 148 1 1 38477 
 149 1 1 39176 
 150 1 1 40675 
 151 1 1 41132 
 152 1 1 41476 
 153 1 1 42905 
 154 1 1 44726 
 155 1 1 45069 
 156 1 1 46410 
 157 1 1 47584 
 158 1 1 48125 
 159 1 1 49085 
 160 1 1 49628 
 161 1 1 51163 
 162 1 0 52738 
 163 1 0 53845 
 164 1 0 54430 
 165 1 0 55457 
 166 1 0 56355 
 167 1 0 57583 
 168 1 0 58973 
 169 1 0 60217 
 170 1 0 61576 
 171 1 0 62869 
 172 1 0 63065 
 173 1 0 64147 
 174 1 0 65976 
 175 1 0 67349 
 176 1 0 67717 
 177 1 0 69102 
 178 1 0 70211 
 179 1 0 70613 
 180 1 0 72634 
 181 1 0 73958 
 182 1 0 75912 
 183 1 0 76162 
 184 1 0 77647 
 185 1 0 78901 
 186 1 0 80295 
 187 1 0 81293 
 188 1 0 83004 
 189 1 0 84750 
 190 1 0 85818 
 191 1 0 86974 
 192 1 0 87645 
 193 1 0 88194 
 194 1 0 90709 
 195 1 0 92789 
 196 1 0 93279 
 197 1 0 94818 
 198 1 0 95702 
 199 1 0 97066 
 200 1 0 97326 
 201 1 0 100296 
 202 1 0 100874 
 203 1 0 102108 
 204 1 0 103389 
 205 1 0 104116 
 206 1 0 105635 
 207 1 0 106980 
 208 1 0 108788 
 209 1 0 110288 
 210 1 0 111683 
 211 1 0 112784 
 212 1 0 113648 
 213 1 0 115246 
 214 1 0 117279 
 215 1 0 119156 
 216 1 0 120089 
 217 1 0 120558 
 218 1 0 122485 
 219 1 0 123498 
 220 1 0 124009 
 221 1 0 125875 
 222 1 0 127441 
 223 1 0 128432 
 224 1 0 129457 
 225 1 0 130650 
 226 1 0 131338 
 227 1 0 133372 
 228 1 0 135472 
 229 1 0 136117 
 230 1 0 137440 
 231 1 0 138079 
 232 1 0 139984 
 233 1 0 141090 
 234 1 0 142478 
 235 1 0 143999 
 236 1 0 145260 
 237 1 0 146802 
 238 1 0 147291 
 239 1 0 148285 
 240 1 0 148523 
 241 1 0 151213 
 242 1 0 152321 
 243 1 0 154022 
 244 1 0 154314 
 245 1 0 155842 
 246 1 0 157545 
 247 1 0 158353 
 248 1 0 159701 
 249 1 0 161270 
 250 1 0 162273 
 251 1 0 163697 
 252 1 0 164511 
 253 1 0 165112 
 254 1 0 167005 
 255 1 0 167906 
 256 1 0 169096 
 257 1 0 170203 
 258 1 0 171549 
 259 1 0 171925 
 260 1 0 173952 
 261 1 0 175856 
 262 1 0 176682 
 263 1 0 177772 
 264 1 0 178686 
 265 1 0 179713 
 266 1 0 181172 
 267 1 0 182971 
 268 1 0 183996 
 269 1 0 185560 
 270 1 0 186891 
 271 1 0 187593 
 272 1 0 188222 
 273 1 0 189055 
 274 1 0 190949 
 275 1 0 193454 
 276 1 0 193997 
 277 1 0 194945 
 278 1 0 196198 
 279 1 0 197635 
 280 1 0 198484 
 281 1 0 200651 
 282 1 0 202238 
 283 1 0 203801 
 284 1 0 205065 
 285 1 0 206015 
 286 1 0 206472 
 287 1 0 209119 
 288 1 0 210888 
 289 1 0 211836 
 290 1 0 213323 
 291 1 0 214179 
 292 1 0 214866 
 293 1 0 216816 
 294 1 0 218171 
 295 1 0 219514 
 296 1 0 220889 
 297 1 0 221843 
 298 1 0 223890 
 299 1 0 225140 
 300 1 0 226842 