
 1 278 0 0 
 7 201 3 0 
 10 152 0 3 
 14 101 4 5 
 15 56 5 8 
 19 39 7 14 
 20 33 6 22 
 22 21 7 41 
 25 8 7 65 
 27 8 6 75 
 28 3 9 98 
 29 3 8 113 
 30 3 9 157 
 34 1 10 251 
 36 1 6 295 
 38 1 8 317 
 39 1 6 375 
 40 1 5 401 
 41 1 4 465 
 43 1 5 611 
 45 1 5 674 
 47 1 5 712 
 48 1 5 839 
 49 1 3 983 
 51 1 3 1069 
 53 1 3 1167 
 54 1 2 1370 
 55 1 2 1448 
 57 1 2 1537 
 58 1 2 1646 
 60 1 2 1713 
 61 1 2 1833 
 62 1 2 1982 
 63 1 3 2039 
 64 1 3 2122 
 66 1 1 2242 
 67 1 1 2443 
 68 1 1 2524 
 69 1 1 2639 
 70 1 1 2715 
 71 1 1 2788 
 72 1 1 2896 
 73 1 1 3006 
 74 1 1 3124 
 75 1 1 3286 
 76 1 1 3329 
 77 1 1 3504 
 78 1 1 3607 
 79 1 1 3679 
 80 1 1 3718 
 81 1 1 4039 
 82 1 1 4242 
 83 1 1 4417 
 84 1 1 4576 
 85 1 1 4769 
 86 1 1 4912 
 87 1 1 5312 
 88 1 1 5417 
 89 1 1 5572 
 90 1 1 5803 
 91 1 1 6082 
 93 1 1 6386 
 94 1 1 6555 
 95 1 1 6850 
 96 1 1 7102 
 97 1 1 7227 
 98 1 1 7355 
 99 1 1 7469 
 100 1 1 7722 
 101 1 1 8174 
 102 1 1 8694 
 104 1 1 8950 
 105 1 1 9296 
 106 1 1 9660 
 107 1 1 9975 
 108 1 1 10610 
 109 1 1 10890 
 110 1 1 11235 
 111 1 1 11618 
 112 1 1 11812 
 114 1 1 12583 
 115 1 1 12999 
 116 1 1 13224 
 117 1 1 13752 
 118 1 1 13856 
 119 1 1 14244 
 120 1 1 14366 
 121 1 1 15201 
 122 1 1 15417 
 123 1 1 16412 
 125 1 1 16787 
 126 1 1 17107 
 127 1 1 17665 
 128 1 1 18010 
 129 1 1 18761 
 130 1 1 19171 
 131 1 1 19319 
 132 1 1 19819 
 133 1 1 20239 
 134 1 1 20942 
 135 1 1 21640 
 136 1 1 21824 
 137 1 1 22061 
 138 1 1 22936 
 139 1 1 23168 
 140 1 1 23416 
 141 1 1 24410 
 142 1 1 25226 
 143 1 1 25695 
 144 1 1 26353 
 145 1 1 26566 
 146 1 1 26711 
 147 1 1 28115 
 148 1 1 28536 
 149 1 1 28957 
 150 1 1 29789 
 151 1 1 30101 
 152 1 0 30276 
 153 1 0 31213 
 154 1 0 32286 
 155 1 0 32416 
 156 1 0 33315 
 157 1 0 34031 
 158 1 0 34297 
 159 1 0 35143 
 160 1 0 35579 
 161 1 0 36751 
 162 1 0 37782 
 163 1 0 38411 
 164 1 0 38911 
 165 1 0 39732 
 166 1 0 40233 
 167 1 0 40936 
 168 1 0 41773 
 169 1 0 42526 
 170 1 0 43349 
 171 1 0 44156 
 172 1 0 44373 
 173 1 0 44935 
 174 1 0 46442 
 175 1 0 47592 
 176 1 0 47830 
 177 1 0 49036 
 178 1 0 49768 
 179 1 0 49953 
 180 1 0 51266 
 181 1 0 52186 
 182 1 0 53512 
 183 1 0 53825 
 184 1 0 54907 
 185 1 0 55681 
 186 1 0 56855 
 187 1 0 57928 
 188 1 0 58870 
 189 1 0 60116 
 190 1 0 61166 
 191 1 0 62091 
 192 1 0 62837 
 193 1 0 63498 
 194 1 0 65208 
 195 1 0 66907 
 196 1 0 67382 
 197 1 0 69062 
 198 1 0 69855 
 199 1 0 71213 
 200 1 0 71573 
 201 1 0 74034 
 202 1 0 74692 
 203 1 0 76068 
 204 1 0 77638 
 205 1 0 78258 
 206 1 0 79394 
 207 1 0 80690 
 208 1 0 82398 
 209 1 0 83731 
 210 1 0 85165 
 211 1 0 86268 
 212 1 0 87414 
 213 1 0 88494 
 214 1 0 90124 
 215 1 0 92081 
 216 1 0 92923 
 217 1 0 93687 
 218 1 0 95874 
 219 1 0 97138 
 220 1 0 97908 
 221 1 0 100782 
 222 1 0 102852 
 223 1 0 104298 
 224 1 0 105590 
 225 1 0 107330 
 226 1 0 107920 
 227 1 0 110271 
 228 1 0 112414 
 229 1 0 113810 
 230 1 0 116000 
 231 1 0 116721 
 232 1 0 118627 
 233 1 0 120187 
 234 1 0 122186 
 235 1 0 124207 
 236 1 0 126186 
 237 1 0 128494 
 238 1 0 129424 
 239 1 0 131558 
 240 1 0 131908 
 241 1 0 135893 
 242 1 0 137668 
 243 1 0 139935 
 244 1 0 140353 
 245 1 0 142244 
 246 1 0 144935 
 247 1 0 146224 
 248 1 0 148565 
 249 1 0 150652 
 250 1 0 152608 
 251 1 0 154391 
 252 1 0 155699 
 253 1 0 156995 
 254 1 0 160123 
 255 1 0 161453 
 256 1 0 163725 
 257 1 0 165641 
 258 1 0 167530 
 259 1 0 168414 
 260 1 0 170946 
 261 1 0 173514 
 262 1 0 175243 
 263 1 0 176870 
 264 1 0 178500 
 265 1 0 179637 
 266 1 0 181715 
 267 1 0 184852 
 268 1 0 185924 
 269 1 0 188196 
 270 1 0 189774 
 271 1 0 190671 
 272 1 0 192143 
 273 1 0 193546 
 274 1 0 195878 
 275 1 0 199468 
 276 1 0 200294 
 277 1 0 201766 
 278 1 0 203826 
 279 1 0 205623 
 280 1 0 206304 
 281 1 0 208623 
 282 1 0 211013 
 283 1 0 212764 
 284 1 0 214208 
 285 1 0 215165 
 286 1 0 215877 
 287 1 0 218549 
 288 1 0 220218 
 289 1 0 221643 
 290 1 0 223507 
 291 1 0 224496 
 292 1 0 225392 
 293 1 0 227059 
 294 1 0 228662 
 295 1 0 230184 
 296 1 0 231721 
 297 1 0 232552 
 298 1 0 234033 
 299 1 0 235365 
 300 1 0 236474 