
 1 284 0 0 
 7 220 0 0 
 10 175 0 0 
 14 128 2 0 
 15 77 1 2 
 19 55 6 3 
 20 40 4 8 
 22 22 6 14 
 25 14 6 18 
 27 14 10 21 
 28 9 16 34 
 29 5 9 45 
 30 4 8 74 
 34 4 5 166 
 36 2 5 210 
 38 2 5 239 
 39 2 5 291 
 40 2 5 320 
 41 1 5 389 
 43 1 4 539 
 45 1 3 626 
 47 1 3 665 
 48 1 1 840 
 49 1 2 971 
 51 1 2 1080 
 53 1 2 1168 
 54 1 2 1438 
 55 1 2 1544 
 57 1 2 1709 
 58 1 2 1819 
 60 1 2 1912 
 61 1 2 2091 
 62 1 2 2318 
 63 1 2 2428 
 64 1 2 2553 
 66 1 2 2727 
 67 1 2 3015 
 68 1 2 3121 
 69 1 1 3264 
 70 1 1 3399 
 71 1 1 3487 
 72 1 1 3622 
 73 1 1 3735 
 74 1 1 3878 
 75 1 1 4083 
 76 1 1 4155 
 77 1 1 4375 
 78 1 1 4505 
 79 1 1 4623 
 80 1 2 4688 
 81 1 2 5079 
 82 1 1 5354 
 83 1 1 5481 
 84 1 1 5620 
 85 1 1 5825 
 86 1 1 5957 
 87 1 1 6453 
 88 1 1 6594 
 89 1 1 6762 
 90 1 1 7109 
 91 1 1 7459 
 93 1 1 7796 
 94 1 1 8056 
 95 1 1 8566 
 96 1 1 8928 
 97 1 1 9098 
 98 1 1 9349 
 99 1 1 9498 
 100 1 1 9833 
 101 1 1 10427 
 102 1 1 11075 
 104 1 1 11366 
 105 1 1 11740 
 106 1 1 12259 
 107 1 1 12501 
 108 1 1 13118 
 109 1 1 13574 
 110 1 1 13915 
 111 1 1 14286 
 112 1 1 14463 
 114 1 1 15533 
 115 1 1 15893 
 116 1 1 16169 
 117 1 1 16772 
 118 1 1 17001 
 119 1 1 17455 
 120 1 1 17614 
 121 1 1 18413 
 122 1 1 18633 
 123 1 1 19588 
 125 1 1 19943 
 126 1 1 20416 
 127 1 1 20903 
 128 1 1 21419 
 129 1 1 22440 
 130 1 1 22789 
 131 1 1 22902 
 132 1 1 23477 
 133 1 1 24041 
 134 1 1 24952 
 135 1 1 25753 
 136 1 1 26027 
 137 1 1 26277 
 138 1 1 27350 
 139 1 1 27572 
 140 1 1 27751 
 141 1 1 28868 
 142 1 1 29804 
 143 1 1 30267 
 144 1 1 31042 
 145 1 1 31298 
 146 1 1 31556 
 147 1 1 32791 
 148 1 1 33376 
 149 1 1 33785 
 150 1 1 34670 
 151 1 1 35093 
 152 1 1 35339 
 153 1 1 36394 
 154 1 1 37524 
 155 1 1 37804 
 156 1 1 38955 
 157 1 1 39638 
 158 1 1 39822 
 159 1 1 40534 
 160 1 1 41039 
 161 1 0 42081 
 162 1 0 43112 
 163 1 0 43853 
 164 1 0 44347 
 165 1 0 45099 
 166 1 0 45563 
 167 1 0 46635 
 168 1 0 47838 
 169 1 0 48501 
 170 1 0 49412 
 171 1 0 49932 
 172 1 0 50220 
 173 1 0 50700 
 174 1 0 52032 
 175 1 0 53094 
 176 1 0 53393 
 177 1 0 54548 
 178 1 0 55466 
 179 1 0 55654 
 180 1 0 57137 
 181 1 0 58060 
 182 1 0 59580 
 183 1 0 59950 
 184 1 0 61024 
 185 1 0 61930 
 186 1 0 62922 
 187 1 0 63635 
 188 1 0 64743 
 189 1 0 66161 
 190 1 0 67006 
 191 1 0 67823 
 192 1 0 68626 
 193 1 0 68984 
 194 1 0 70527 
 195 1 0 72002 
 196 1 0 72470 
 197 1 0 74013 
 198 1 0 74821 
 199 1 0 75926 
 200 1 0 76107 
 201 1 0 78587 
 202 1 0 79276 
 203 1 0 80466 
 204 1 0 81607 
 205 1 0 82377 
 206 1 0 83571 
 207 1 0 84592 
 208 1 0 86048 
 209 1 0 87540 
 210 1 0 88970 
 211 1 0 90010 
 212 1 0 90989 
 213 1 0 92016 
 214 1 0 93942 
 215 1 0 95609 
 216 1 0 96648 
 217 1 0 97172 
 218 1 0 99410 
 219 1 0 100466 
 220 1 0 101081 
 221 1 0 103653 
 222 1 0 105495 
 223 1 0 106623 
 224 1 0 107757 
 225 1 0 109429 
 226 1 0 110032 
 227 1 0 112654 
 228 1 0 114665 
 229 1 0 115868 
 230 1 0 117574 
 231 1 0 118297 
 232 1 0 120454 
 233 1 0 122091 
 234 1 0 123615 
 235 1 0 125365 
 236 1 0 126883 
 237 1 0 128912 
 238 1 0 129715 
 239 1 0 131679 
 240 1 0 132021 
 241 1 0 135535 
 242 1 0 137161 
 243 1 0 139248 
 244 1 0 139634 
 245 1 0 141849 
 246 1 0 144219 
 247 1 0 145741 
 248 1 0 147501 
 249 1 0 150139 
 250 1 0 151756 
 251 1 0 154126 
 252 1 0 155474 
 253 1 0 156983 
 254 1 0 160004 
 255 1 0 161503 
 256 1 0 163669 
 257 1 0 165800 
 258 1 0 168543 
 259 1 0 169402 
 260 1 0 172733 
 261 1 0 175347 
 262 1 0 177075 
 263 1 0 179558 
 264 1 0 181070 
 265 1 0 183158 
 266 1 0 185504 
 267 1 0 188328 
 268 1 0 189588 
 269 1 0 193449 
 270 1 0 196345 
 271 1 0 197850 
 272 1 0 199547 
 273 1 0 201566 
 274 1 0 204266 
 275 1 0 208786 
 276 1 0 209547 
 277 1 0 212014 
 278 1 0 214663 
 279 1 0 217263 
 280 1 0 218657 
 281 1 0 221829 
 282 1 0 224836 
 283 1 0 227523 
 284 1 0 230122 
 285 1 0 232262 
 286 1 0 233371 
 287 1 0 237284 
 288 1 0 240291 
 289 1 0 242124 
 290 1 0 245100 
 291 1 0 246673 
 292 1 0 248015 
 293 1 0 251609 
 294 1 0 254623 
 295 1 0 256912 
 296 1 0 259574 
 297 1 0 260809 
 298 1 0 264264 
 299 1 0 266548 
 300 1 0 268660 