
 1 282 0 0 
 7 217 1 0 
 10 168 0 1 
 14 140 0 2 
 15 78 1 3 
 19 53 6 3 
 20 32 4 5 
 22 20 13 11 
 25 10 9 21 
 27 7 12 31 
 28 4 15 50 
 29 4 12 63 
 30 4 12 98 
 34 3 5 201 
 36 3 4 245 
 38 3 4 264 
 39 2 4 320 
 40 2 3 345 
 41 2 4 415 
 43 1 5 550 
 45 1 5 635 
 47 1 5 667 
 48 1 5 771 
 49 1 4 918 
 51 1 4 996 
 53 1 4 1076 
 54 1 3 1324 
 55 1 3 1409 
 57 1 3 1526 
 58 1 3 1594 
 60 1 3 1668 
 61 1 3 1786 
 62 1 3 1986 
 63 1 2 2074 
 64 1 2 2190 
 66 1 2 2342 
 67 1 2 2548 
 68 1 2 2645 
 69 1 2 2758 
 70 1 2 2879 
 71 1 2 2959 
 72 1 2 3048 
 73 1 2 3145 
 74 1 2 3245 
 75 1 2 3451 
 76 1 2 3515 
 77 1 2 3691 
 78 1 2 3813 
 79 1 2 3926 
 80 1 2 3973 
 81 1 2 4254 
 82 1 2 4448 
 83 1 2 4550 
 84 1 2 4665 
 85 1 2 4805 
 86 1 2 4883 
 87 1 2 5155 
 88 1 2 5261 
 89 1 1 5377 
 90 1 1 5569 
 91 1 1 5766 
 93 1 1 5979 
 94 1 1 6160 
 95 1 1 6456 
 96 1 1 6656 
 97 1 1 6758 
 98 1 1 6846 
 99 1 1 6948 
 100 1 1 7144 
 101 1 1 7512 
 102 1 1 7875 
 104 1 1 8092 
 105 1 1 8311 
 106 1 1 8633 
 107 1 1 8817 
 108 1 1 9258 
 109 1 1 9491 
 110 1 1 9712 
 111 1 1 9978 
 112 1 1 10080 
 114 1 1 10622 
 115 1 1 10869 
 116 1 1 10991 
 117 1 1 11451 
 118 1 1 11576 
 119 1 1 11795 
 120 1 1 11875 
 121 1 1 12594 
 122 1 1 12726 
 123 1 1 13340 
 125 1 1 13594 
 126 1 1 13865 
 127 1 1 14183 
 128 1 1 14499 
 129 1 1 15134 
 130 1 1 15453 
 131 1 1 15598 
 132 1 1 15951 
 133 1 1 16281 
 134 1 1 16860 
 135 1 1 17388 
 136 1 1 17581 
 137 1 1 17702 
 138 1 1 18394 
 139 1 1 18541 
 140 1 1 18681 
 141 1 1 19490 
 142 1 1 20118 
 143 1 1 20373 
 144 1 1 20889 
 145 1 1 21092 
 146 1 1 21271 
 147 1 1 22364 
 148 1 1 22720 
 149 1 1 23097 
 150 1 1 23944 
 151 1 1 24223 
 152 1 1 24462 
 153 1 1 25229 
 154 1 1 26196 
 155 1 1 26399 
 156 1 1 27267 
 157 1 1 27840 
 158 1 1 28006 
 159 1 1 28594 
 160 1 1 28950 
 161 1 1 29661 
 162 1 1 30314 
 163 1 1 30931 
 164 1 1 31311 
 165 1 0 31937 
 166 1 0 32317 
 167 1 0 33030 
 168 1 0 33753 
 169 1 0 34372 
 170 1 0 35294 
 171 1 0 35938 
 172 1 0 36119 
 173 1 0 36508 
 174 1 0 37594 
 175 1 0 38302 
 176 1 0 38473 
 177 1 0 39320 
 178 1 0 40112 
 179 1 0 40293 
 180 1 0 41308 
 181 1 0 41892 
 182 1 0 43105 
 183 1 0 43226 
 184 1 0 44226 
 185 1 0 44799 
 186 1 0 45585 
 187 1 0 45996 
 188 1 0 46816 
 189 1 0 47692 
 190 1 0 48365 
 191 1 0 49102 
 192 1 0 49620 
 193 1 0 50021 
 194 1 0 51439 
 195 1 0 52547 
 196 1 0 52773 
 197 1 0 54230 
 198 1 0 54876 
 199 1 0 55802 
 200 1 0 55924 
 201 1 0 57749 
 202 1 0 58293 
 203 1 0 59275 
 204 1 0 60367 
 205 1 0 60904 
 206 1 0 61790 
 207 1 0 62526 
 208 1 0 63912 
 209 1 0 64888 
 210 1 0 65745 
 211 1 0 66311 
 212 1 0 66675 
 213 1 0 67713 
 214 1 0 69308 
 215 1 0 70777 
 216 1 0 71508 
 217 1 0 71844 
 218 1 0 73586 
 219 1 0 74329 
 220 1 0 74766 
 221 1 0 76370 
 222 1 0 77913 
 223 1 0 79119 
 224 1 0 79927 
 225 1 0 81060 
 226 1 0 81624 
 227 1 0 83238 
 228 1 0 84842 
 229 1 0 85482 
 230 1 0 86896 
 231 1 0 87500 
 232 1 0 89325 
 233 1 0 90528 
 234 1 0 92044 
 235 1 0 93639 
 236 1 0 95052 
 237 1 0 96774 
 238 1 0 97437 
 239 1 0 98582 
 240 1 0 98872 
 241 1 0 101810 
 242 1 0 103272 
 243 1 0 104679 
 244 1 0 104957 
 245 1 0 106503 
 246 1 0 108650 
 247 1 0 109930 
 248 1 0 111562 
 249 1 0 113429 
 250 1 0 114652 
 251 1 0 116432 
 252 1 0 117397 
 253 1 0 118379 
 254 1 0 121060 
 255 1 0 122324 
 256 1 0 123969 
 257 1 0 125367 
 258 1 0 127242 
 259 1 0 127968 
 260 1 0 129997 
 261 1 0 132182 
 262 1 0 133363 
 263 1 0 135171 
 264 1 0 136384 
 265 1 0 137981 
 266 1 0 139977 
 267 1 0 141874 
 268 1 0 142813 
 269 1 0 145162 
 270 1 0 146766 
 271 1 0 147554 
 272 1 0 148806 
 273 1 0 150557 
 274 1 0 152411 
 275 1 0 155600 
 276 1 0 156186 
 277 1 0 157485 
 278 1 0 159415 
 279 1 0 160821 
 280 1 0 161917 
 281 1 0 164465 
 282 1 0 166425 
 283 1 0 168099 
 284 1 0 170315 
 285 1 0 171711 
 286 1 0 172297 
 287 1 0 175098 
 288 1 0 176987 
 289 1 0 178169 
 290 1 0 180137 
 291 1 0 180738 
 292 1 0 181510 
 293 1 0 184042 
 294 1 0 185823 
 295 1 0 187311 
 296 1 0 189166 
 297 1 0 189941 
 298 1 0 192414 
 299 1 0 193870 
 300 1 0 195451 