
 1 286 0 0 
 7 227 0 0 
 10 185 1 0 
 14 149 1 1 
 15 97 1 1 
 19 73 0 3 
 20 60 3 4 
 22 32 4 6 
 25 19 9 13 
 27 16 10 16 
 28 10 14 24 
 29 9 11 30 
 30 5 13 43 
 34 2 10 81 
 36 2 7 99 
 38 2 3 114 
 39 2 4 140 
 40 2 4 164 
 41 1 3 184 
 43 1 2 265 
 45 1 2 303 
 47 1 2 320 
 48 1 3 380 
 49 1 2 484 
 51 1 2 532 
 53 1 2 585 
 54 1 2 743 
 55 1 2 790 
 57 1 2 864 
 58 1 2 939 
 60 1 2 994 
 61 1 2 1076 
 62 1 2 1241 
 63 1 2 1281 
 64 1 2 1339 
 66 1 2 1460 
 67 1 2 1605 
 68 1 2 1688 
 69 1 2 1741 
 70 1 2 1807 
 71 1 2 1840 
 72 1 2 1899 
 73 1 2 1936 
 74 1 2 2068 
 75 1 2 2187 
 76 1 2 2224 
 77 1 2 2343 
 78 1 2 2402 
 79 1 2 2456 
 80 1 2 2496 
 81 1 2 2697 
 82 1 2 2841 
 83 1 2 2908 
 84 1 2 2971 
 85 1 2 3055 
 86 1 2 3112 
 87 1 2 3328 
 88 1 2 3397 
 89 1 2 3450 
 90 1 2 3582 
 91 1 2 3717 
 93 1 2 3821 
 94 1 2 3908 
 95 1 2 4045 
 96 1 2 4165 
 97 1 2 4221 
 98 1 2 4296 
 99 1 2 4343 
 100 1 2 4494 
 101 1 2 4703 
 102 1 2 4894 
 104 1 2 5011 
 105 1 2 5138 
 106 1 2 5253 
 107 1 2 5347 
 108 1 2 5529 
 109 1 2 5627 
 110 1 2 5767 
 111 1 2 5839 
 112 1 2 5905 
 114 1 1 6236 
 115 1 1 6353 
 116 1 1 6457 
 117 1 1 6646 
 118 1 1 6701 
 119 1 1 6849 
 120 1 1 6927 
 121 1 1 7367 
 122 1 1 7501 
 123 1 1 7847 
 125 1 1 8068 
 126 1 1 8312 
 127 1 1 8624 
 128 1 1 8861 
 129 1 1 9327 
 130 1 1 9595 
 131 1 1 9673 
 132 1 1 10055 
 133 1 1 10327 
 134 1 1 10841 
 135 1 1 11280 
 136 1 1 11399 
 137 1 1 11527 
 138 1 1 12150 
 139 1 1 12281 
 140 1 1 12383 
 141 1 1 12987 
 142 1 1 13423 
 143 1 1 13760 
 144 1 1 14101 
 145 1 1 14209 
 146 1 1 14309 
 147 1 1 15182 
 148 1 1 15433 
 149 1 1 15740 
 150 1 1 16323 
 151 1 1 16543 
 152 1 1 16665 
 153 1 1 17363 
 154 1 1 18165 
 155 1 1 18281 
 156 1 1 19010 
 157 1 1 19448 
 158 1 1 19581 
 159 1 1 20093 
 160 1 1 20348 
 161 1 1 20948 
 162 1 1 21691 
 163 1 1 22091 
 164 1 1 22464 
 165 1 1 22946 
 166 1 1 23213 
 167 1 1 23816 
 168 1 1 24485 
 169 1 1 25121 
 170 1 1 25679 
 171 1 1 26139 
 172 1 1 26346 
 173 1 1 26667 
 174 1 1 27714 
 175 1 1 28506 
 176 1 1 28722 
 177 1 1 29378 
 178 1 1 29806 
 179 1 1 29984 
 180 1 1 30810 
 181 1 1 31293 
 182 1 1 32178 
 183 1 1 32370 
 184 1 1 32987 
 185 1 1 33634 
 186 1 1 34278 
 187 1 1 34567 
 188 1 1 35296 
 189 1 1 36002 
 190 1 1 36601 
 191 1 1 37126 
 192 1 1 37444 
 193 1 1 37778 
 194 1 1 38837 
 195 1 1 39784 
 196 1 1 40050 
 197 1 0 41041 
 198 1 0 41507 
 199 1 0 42488 
 200 1 0 42732 
 201 1 0 44342 
 202 1 0 44655 
 203 1 0 45678 
 204 1 0 46775 
 205 1 0 47304 
 206 1 0 48418 
 207 1 0 49544 
 208 1 0 51009 
 209 1 0 52325 
 210 1 0 53747 
 211 1 0 54620 
 212 1 0 55654 
 213 1 0 56718 
 214 1 0 58644 
 215 1 0 60487 
 216 1 0 61492 
 217 1 0 61950 
 218 1 0 63669 
 219 1 0 64721 
 220 1 0 65362 
 221 1 0 67484 
 222 1 0 69496 
 223 1 0 70465 
 224 1 0 71423 
 225 1 0 73191 
 226 1 0 73780 
 227 1 0 75654 
 228 1 0 76999 
 229 1 0 78006 
 230 1 0 79677 
 231 1 0 80310 
 232 1 0 82061 
 233 1 0 83364 
 234 1 0 84993 
 235 1 0 86402 
 236 1 0 88012 
 237 1 0 89784 
 238 1 0 90560 
 239 1 0 92203 
 240 1 0 92426 
 241 1 0 94877 
 242 1 0 96201 
 243 1 0 97620 
 244 1 0 97882 
 245 1 0 99454 
 246 1 0 101135 
 247 1 0 102378 
 248 1 0 103683 
 249 1 0 105175 
 250 1 0 106663 
 251 1 0 108448 
 252 1 0 109718 
 253 1 0 110696 
 254 1 0 113431 
 255 1 0 114406 
 256 1 0 116259 
 257 1 0 117316 
 258 1 0 118896 
 259 1 0 119555 
 260 1 0 121575 
 261 1 0 123619 
 262 1 0 125075 
 263 1 0 126761 
 264 1 0 127766 
 265 1 0 129015 
 266 1 0 131118 
 267 1 0 133343 
 268 1 0 134312 
 269 1 0 136410 
 270 1 0 138381 
 271 1 0 139488 
 272 1 0 140546 
 273 1 0 142101 
 274 1 0 143948 
 275 1 0 147194 
 276 1 0 147845 
 277 1 0 149164 
 278 1 0 150995 
 279 1 0 152450 
 280 1 0 153379 
 281 1 0 155928 
 282 1 0 158449 
 283 1 0 161037 
 284 1 0 162845 
 285 1 0 164802 
 286 1 0 166011 
 287 1 0 169486 
 288 1 0 171926 
 289 1 0 173477 
 290 1 0 176081 
 291 1 0 177254 
 292 1 0 178726 
 293 1 0 181710 
 294 1 0 183898 
 295 1 0 185617 
 296 1 0 188176 
 297 1 0 189558 
 298 1 0 192647 
 299 1 0 194550 
 300 1 0 197157 