
 1 278 0 0 
 7 223 1 0 
 10 164 1 1 
 14 112 1 2 
 15 62 2 8 
 19 51 10 12 
 20 37 10 15 
 22 22 8 26 
 25 14 8 44 
 27 12 10 51 
 28 8 9 72 
 29 7 6 90 
 30 3 6 130 
 34 1 5 270 
 36 1 5 340 
 38 1 5 388 
 39 1 7 453 
 40 1 5 501 
 41 1 5 580 
 43 1 4 758 
 45 1 4 832 
 47 1 4 864 
 48 1 4 983 
 49 1 3 1102 
 51 1 3 1216 
 53 1 3 1317 
 54 1 3 1568 
 55 1 2 1655 
 57 1 2 1837 
 58 1 1 1984 
 60 1 1 2074 
 61 1 1 2234 
 62 1 1 2472 
 63 1 1 2572 
 64 1 1 2659 
 66 1 1 2848 
 67 1 1 3163 
 68 1 1 3303 
 69 1 1 3416 
 70 1 1 3559 
 71 1 1 3644 
 72 1 1 3798 
 73 1 1 3957 
 74 1 1 4143 
 75 1 1 4421 
 76 1 1 4519 
 77 1 1 4837 
 78 1 1 4963 
 79 1 1 5106 
 80 1 1 5159 
 81 1 1 5593 
 82 1 1 5922 
 83 1 1 6084 
 84 1 1 6211 
 85 1 1 6427 
 86 1 1 6574 
 87 1 1 7239 
 88 1 1 7414 
 89 1 1 7604 
 90 1 1 7978 
 91 1 1 8273 
 93 1 1 8701 
 94 1 1 8988 
 95 1 1 9538 
 96 1 1 9884 
 97 1 1 10092 
 98 1 1 10254 
 99 1 1 10415 
 100 1 1 10776 
 101 1 1 11372 
 102 1 1 11894 
 104 1 1 12179 
 105 1 1 12606 
 106 1 1 12950 
 107 1 1 13219 
 108 1 1 13883 
 109 1 1 14296 
 110 1 1 14689 
 111 1 1 15009 
 112 1 1 15167 
 114 1 1 16282 
 115 1 1 16807 
 116 1 1 16984 
 117 1 1 17681 
 118 1 1 17935 
 119 1 1 18358 
 120 1 1 18560 
 121 1 1 19490 
 122 1 1 19660 
 123 1 1 20744 
 125 1 1 21187 
 126 1 1 21569 
 127 1 1 22031 
 128 1 1 22508 
 129 1 1 23455 
 130 1 1 23831 
 131 1 1 24106 
 132 1 1 24687 
 133 1 1 25238 
 134 1 1 25947 
 135 1 1 27016 
 136 1 1 27209 
 137 1 1 27415 
 138 1 1 28398 
 139 1 1 28551 
 140 1 1 28837 
 141 1 1 30078 
 142 1 1 30878 
 143 1 1 31449 
 144 1 1 32478 
 145 1 1 32757 
 146 1 1 33000 
 147 1 1 34159 
 148 1 1 34500 
 149 1 1 34935 
 150 1 1 36157 
 151 1 1 36408 
 152 1 1 36701 
 153 1 1 37946 
 154 1 1 39027 
 155 1 1 39264 
 156 1 1 40272 
 157 1 1 41174 
 158 1 1 41436 
 159 1 1 42083 
 160 1 1 42398 
 161 1 1 43611 
 162 1 1 44502 
 163 1 1 45339 
 164 1 1 45848 
 165 1 1 46723 
 166 1 1 47281 
 167 1 1 48016 
 168 1 1 49356 
 169 1 1 49967 
 170 1 1 50857 
 171 1 1 51399 
 172 1 1 51596 
 173 1 1 52062 
 174 1 0 53134 
 175 1 0 53999 
 176 1 0 54194 
 177 1 0 55111 
 178 1 0 55788 
 179 1 0 55995 
 180 1 0 56956 
 181 1 0 57653 
 182 1 0 58834 
 183 1 0 59019 
 184 1 0 59727 
 185 1 0 60440 
 186 1 0 61401 
 187 1 0 61870 
 188 1 0 62703 
 189 1 0 63899 
 190 1 0 64393 
 191 1 0 64976 
 192 1 0 65401 
 193 1 0 65733 
 194 1 0 67160 
 195 1 0 68419 
 196 1 0 68588 
 197 1 0 69718 
 198 1 0 70420 
 199 1 0 71434 
 200 1 0 71732 
 201 1 0 73056 
 202 1 0 73477 
 203 1 0 74432 
 204 1 0 75413 
 205 1 0 76067 
 206 1 0 76928 
 207 1 0 77694 
 208 1 0 78736 
 209 1 0 79696 
 210 1 0 80549 
 211 1 0 81038 
 212 1 0 81716 
 213 1 0 82504 
 214 1 0 83537 
 215 1 0 84802 
 216 1 0 85507 
 217 1 0 86012 
 218 1 0 87406 
 219 1 0 88122 
 220 1 0 88410 
 221 1 0 89653 
 222 1 0 90669 
 223 1 0 91517 
 224 1 0 92143 
 225 1 0 92919 
 226 1 0 93347 
 227 1 0 94962 
 228 1 0 96052 
 229 1 0 96848 
 230 1 0 98058 
 231 1 0 98529 
 232 1 0 99723 
 233 1 0 100632 
 234 1 0 101862 
 235 1 0 103006 
 236 1 0 104151 
 237 1 0 105376 
 238 1 0 105915 
 239 1 0 107090 
 240 1 0 107394 
 241 1 0 109681 
 242 1 0 110505 
 243 1 0 111754 
 244 1 0 112084 
 245 1 0 113512 
 246 1 0 114702 
 247 1 0 115891 
 248 1 0 117297 
 249 1 0 118761 
 250 1 0 119932 
 251 1 0 121250 
 252 1 0 121989 
 253 1 0 122576 
 254 1 0 124660 
 255 1 0 125647 
 256 1 0 126828 
 257 1 0 127792 
 258 1 0 129204 
 259 1 0 129841 
 260 1 0 131579 
 261 1 0 133408 
 262 1 0 134649 
 263 1 0 135804 
 264 1 0 136635 
 265 1 0 137439 
 266 1 0 138788 
 267 1 0 140338 
 268 1 0 141099 
 269 1 0 142845 
 270 1 0 143839 
 271 1 0 144550 
 272 1 0 145144 
 273 1 0 146289 
 274 1 0 147874 
 275 1 0 150076 
 276 1 0 150710 
 277 1 0 151554 
 278 1 0 152828 
 279 1 0 153792 
 280 1 0 154712 
 281 1 0 156937 
 282 1 0 158146 
 283 1 0 159392 
 284 1 0 160484 
 285 1 0 161282 
 286 1 0 161782 
 287 1 0 163649 
 288 1 0 164840 
 289 1 0 165972 
 290 1 0 167370 
 291 1 0 167940 
 292 1 0 168584 
 293 1 0 169891 
 294 1 0 171251 
 295 1 0 172338 
 296 1 0 173452 
 297 1 0 173978 
 298 1 0 175031 
 299 1 0 176030 
 300 1 0 177250 