
 1 285 0 0 
 7 226 0 0 
 10 178 1 0 
 14 130 4 1 
 15 79 3 5 
 19 63 9 8 
 20 52 6 11 
 22 28 2 29 
 25 22 5 50 
 27 17 6 61 
 28 7 9 88 
 29 7 8 108 
 30 4 6 138 
 34 2 8 231 
 36 2 6 259 
 38 2 3 281 
 39 1 3 333 
 40 1 2 360 
 41 1 4 424 
 43 1 3 562 
 45 1 3 629 
 47 1 3 680 
 48 1 2 794 
 49 1 2 975 
 51 1 2 1049 
 53 1 2 1134 
 54 1 2 1348 
 55 1 2 1441 
 57 1 2 1571 
 58 1 2 1666 
 60 1 2 1742 
 61 1 2 1844 
 62 1 2 2003 
 63 1 2 2106 
 64 1 2 2186 
 66 1 2 2315 
 67 1 2 2538 
 68 1 2 2633 
 69 1 2 2713 
 70 1 2 2790 
 71 1 2 2877 
 72 1 2 2949 
 73 1 2 3013 
 74 1 2 3133 
 75 1 2 3300 
 76 1 2 3349 
 77 1 2 3508 
 78 1 2 3553 
 79 1 2 3624 
 80 1 2 3646 
 81 1 2 3859 
 82 1 2 4011 
 83 1 2 4095 
 84 1 2 4202 
 85 1 2 4303 
 86 1 2 4368 
 87 1 2 4670 
 88 1 2 4761 
 89 1 2 4854 
 90 1 2 4996 
 91 1 2 5165 
 93 1 2 5317 
 94 1 2 5448 
 95 1 2 5601 
 96 1 2 5749 
 97 1 2 5871 
 98 1 2 5963 
 99 1 2 6054 
 100 1 2 6243 
 101 1 2 6544 
 102 1 2 6805 
 104 1 2 6907 
 105 1 2 7076 
 106 1 2 7270 
 107 1 2 7427 
 108 1 2 7657 
 109 1 2 7841 
 110 1 2 7977 
 111 1 2 8143 
 112 1 2 8242 
 114 1 1 8554 
 115 1 1 8728 
 116 1 1 8792 
 117 1 1 9024 
 118 1 1 9104 
 119 1 1 9262 
 120 1 1 9340 
 121 1 1 9680 
 122 1 1 9765 
 123 1 1 10163 
 125 1 1 10368 
 126 1 1 10486 
 127 1 1 10730 
 128 1 1 10917 
 129 1 1 11263 
 130 1 1 11524 
 131 1 1 11600 
 132 1 1 11873 
 133 1 1 12068 
 134 1 1 12384 
 135 1 1 12785 
 136 1 1 12876 
 137 1 1 12974 
 138 1 1 13458 
 139 1 1 13578 
 140 1 1 13673 
 141 1 1 14170 
 142 1 1 14579 
 143 1 1 14802 
 144 1 1 15122 
 145 1 1 15223 
 146 1 1 15341 
 147 1 1 15979 
 148 1 1 16206 
 149 1 1 16456 
 150 1 1 17015 
 151 1 1 17172 
 152 1 1 17259 
 153 1 1 17746 
 154 1 1 18401 
 155 1 1 18533 
 156 1 1 18991 
 157 1 1 19576 
 158 1 1 19743 
 159 1 1 20165 
 160 1 1 20363 
 161 1 1 20929 
 162 1 1 21530 
 163 1 1 21987 
 164 1 1 22302 
 165 1 1 22784 
 166 1 1 23073 
 167 1 1 23607 
 168 1 1 24295 
 169 1 1 24664 
 170 1 1 25292 
 171 1 1 25833 
 172 1 1 26050 
 173 1 1 26391 
 174 1 1 27292 
 175 1 1 27924 
 176 1 1 28056 
 177 1 1 28824 
 178 1 1 29378 
 179 1 1 29525 
 180 1 1 30473 
 181 1 1 31097 
 182 1 1 32088 
 183 1 1 32277 
 184 1 1 33221 
 185 1 1 33738 
 186 1 1 34423 
 187 1 1 34861 
 188 1 1 35583 
 189 1 1 36572 
 190 1 1 37068 
 191 1 1 37766 
 192 1 1 38116 
 193 1 1 38461 
 194 1 1 39701 
 195 1 1 40593 
 196 1 1 40811 
 197 1 1 42041 
 198 1 1 42649 
 199 1 1 43381 
 200 1 1 43631 
 201 1 1 45254 
 202 1 1 45632 
 203 1 1 46586 
 204 1 1 47566 
 205 1 1 47869 
 206 1 0 48785 
 207 1 0 49547 
 208 1 0 50523 
 209 1 0 51516 
 210 1 0 52515 
 211 1 0 53211 
 212 1 0 53851 
 213 1 0 54364 
 214 1 0 55490 
 215 1 0 56588 
 216 1 0 57182 
 217 1 0 57480 
 218 1 0 58826 
 219 1 0 59442 
 220 1 0 59855 
 221 1 0 61381 
 222 1 0 62704 
 223 1 0 63328 
 224 1 0 64222 
 225 1 0 65265 
 226 1 0 65838 
 227 1 0 67485 
 228 1 0 68948 
 229 1 0 69770 
 230 1 0 71459 
 231 1 0 72080 
 232 1 0 73572 
 233 1 0 75003 
 234 1 0 76292 
 235 1 0 78447 
 236 1 0 79951 
 237 1 0 81469 
 238 1 0 82075 
 239 1 0 84102 
 240 1 0 84455 
 241 1 0 87073 
 242 1 0 88180 
 243 1 0 90030 
 244 1 0 90406 
 245 1 0 92673 
 246 1 0 94288 
 247 1 0 95115 
 248 1 0 96950 
 249 1 0 98613 
 250 1 0 99991 
 251 1 0 102010 
 252 1 0 103393 
 253 1 0 104463 
 254 1 0 107725 
 255 1 0 108395 
 256 1 0 109906 
 257 1 0 111197 
 258 1 0 113086 
 259 1 0 113716 
 260 1 0 115728 
 261 1 0 117512 
 262 1 0 119108 
 263 1 0 121499 
 264 1 0 123070 
 265 1 0 124733 
 266 1 0 126691 
 267 1 0 129137 
 268 1 0 130525 
 269 1 0 133582 
 270 1 0 135658 
 271 1 0 137161 
 272 1 0 138631 
 273 1 0 140771 
 274 1 0 142655 
 275 1 0 146669 
 276 1 0 147722 
 277 1 0 149910 
 278 1 0 152495 
 279 1 0 154053 
 280 1 0 155379 
 281 1 0 158579 
 282 1 0 160638 
 283 1 0 162674 
 284 1 0 164772 
 285 1 0 166487 
 286 1 0 167388 
 287 1 0 171727 
 288 1 0 174164 
 289 1 0 175493 
 290 1 0 178510 
 291 1 0 179989 
 292 1 0 181381 
 293 1 0 184977 
 294 1 0 187053 
 295 1 0 189358 
 296 1 0 191650 
 297 1 0 192825 
 298 1 0 196314 
 299 1 0 198657 
 300 1 0 200390 