
 1 281 0 0 
 7 218 1 0 
 10 181 0 1 
 14 139 0 1 
 15 84 0 1 
 19 64 3 2 
 20 50 3 3 
 22 25 9 4 
 25 16 13 14 
 27 12 10 15 
 28 8 16 28 
 29 8 12 41 
 30 6 10 66 
 34 4 5 159 
 36 3 1 200 
 38 3 2 221 
 39 3 3 271 
 40 3 3 296 
 41 2 5 365 
 43 2 3 535 
 45 1 3 581 
 47 1 3 615 
 48 1 3 714 
 49 1 2 833 
 51 1 2 906 
 53 1 2 979 
 54 1 2 1186 
 55 1 2 1273 
 57 1 2 1384 
 58 1 2 1473 
 60 1 2 1582 
 61 1 2 1691 
 62 1 2 1846 
 63 1 2 1933 
 64 1 2 2059 
 66 1 2 2199 
 67 1 2 2400 
 68 1 2 2491 
 69 1 2 2561 
 70 1 2 2661 
 71 1 2 2720 
 72 1 2 2808 
 73 1 2 2893 
 74 1 2 3042 
 75 1 2 3215 
 76 1 2 3265 
 77 1 2 3495 
 78 1 2 3601 
 79 1 2 3687 
 80 1 2 3742 
 81 1 2 4008 
 82 1 2 4122 
 83 1 2 4284 
 84 1 2 4378 
 85 1 2 4506 
 86 1 2 4573 
 87 1 2 4966 
 88 1 2 5034 
 89 1 2 5137 
 90 1 2 5307 
 91 1 2 5522 
 93 1 2 5677 
 94 1 2 5804 
 95 1 2 6048 
 96 1 2 6250 
 97 1 2 6358 
 98 1 2 6469 
 99 1 2 6598 
 100 1 2 6758 
 101 1 2 7055 
 102 1 2 7332 
 104 1 2 7490 
 105 1 2 7735 
 106 1 2 7893 
 107 1 2 8000 
 108 1 2 8226 
 109 1 2 8355 
 110 1 2 8511 
 111 1 2 8704 
 112 1 2 8826 
 114 1 2 9292 
 115 1 2 9465 
 116 1 2 9590 
 117 1 1 9907 
 118 1 1 9979 
 119 1 1 10141 
 120 1 1 10248 
 121 1 1 10741 
 122 1 1 10842 
 123 1 1 11282 
 125 1 1 11471 
 126 1 1 11711 
 127 1 1 11987 
 128 1 1 12155 
 129 1 1 12709 
 130 1 1 13011 
 131 1 1 13221 
 132 1 1 13638 
 133 1 1 13921 
 134 1 1 14360 
 135 1 1 14802 
 136 1 1 14951 
 137 1 1 15050 
 138 1 1 15594 
 139 1 1 15721 
 140 1 1 15800 
 141 1 1 16396 
 142 1 1 16902 
 143 1 1 17148 
 144 1 1 17572 
 145 1 1 17703 
 146 1 1 17804 
 147 1 1 18634 
 148 1 1 18970 
 149 1 1 19288 
 150 1 1 20006 
 151 1 1 20176 
 152 1 1 20328 
 153 1 1 20993 
 154 1 1 21650 
 155 1 1 21842 
 156 1 1 22536 
 157 1 1 22901 
 158 1 1 23098 
 159 1 1 23559 
 160 1 1 23847 
 161 1 1 24525 
 162 1 1 25169 
 163 1 1 25521 
 164 1 1 25879 
 165 1 1 26345 
 166 1 1 26595 
 167 1 1 27282 
 168 1 1 28115 
 169 1 1 28630 
 170 1 1 29193 
 171 1 1 29774 
 172 1 1 29992 
 173 1 1 30390 
 174 1 1 31480 
 175 1 1 32408 
 176 1 1 32733 
 177 1 1 33483 
 178 1 1 34052 
 179 1 1 34224 
 180 1 1 35088 
 181 1 1 35910 
 182 1 0 36889 
 183 1 0 37082 
 184 1 0 37919 
 185 1 0 38596 
 186 1 0 39428 
 187 1 0 40032 
 188 1 0 40838 
 189 1 0 42135 
 190 1 0 43192 
 191 1 0 43848 
 192 1 0 44396 
 193 1 0 45049 
 194 1 0 47293 
 195 1 0 48713 
 196 1 0 49139 
 197 1 0 50555 
 198 1 0 51251 
 199 1 0 52738 
 200 1 0 53037 
 201 1 0 55867 
 202 1 0 56489 
 203 1 0 57890 
 204 1 0 59466 
 205 1 0 60194 
 206 1 0 61751 
 207 1 0 62853 
 208 1 0 64680 
 209 1 0 66035 
 210 1 0 67341 
 211 1 0 68253 
 212 1 0 69313 
 213 1 0 70345 
 214 1 0 72504 
 215 1 0 73881 
 216 1 0 75312 
 217 1 0 75806 
 218 1 0 77882 
 219 1 0 79002 
 220 1 0 79870 
 221 1 0 82467 
 222 1 0 84222 
 223 1 0 85035 
 224 1 0 85960 
 225 1 0 87240 
 226 1 0 87863 
 227 1 0 90095 
 228 1 0 91755 
 229 1 0 93016 
 230 1 0 94595 
 231 1 0 95110 
 232 1 0 96508 
 233 1 0 97789 
 234 1 0 99411 
 235 1 0 101000 
 236 1 0 102506 
 237 1 0 104070 
 238 1 0 104704 
 239 1 0 106155 
 240 1 0 106638 
 241 1 0 109068 
 242 1 0 110356 
 243 1 0 112142 
 244 1 0 112558 
 245 1 0 113796 
 246 1 0 115706 
 247 1 0 116690 
 248 1 0 118256 
 249 1 0 119447 
 250 1 0 120522 
 251 1 0 121856 
 252 1 0 123082 
 253 1 0 123851 
 254 1 0 126259 
 255 1 0 127177 
 256 1 0 128930 
 257 1 0 130139 
 258 1 0 131773 
 259 1 0 132267 
 260 1 0 134289 
 261 1 0 135921 
 262 1 0 136897 
 263 1 0 138626 
 264 1 0 139466 
 265 1 0 140670 
 266 1 0 142230 
 267 1 0 144295 
 268 1 0 145192 
 269 1 0 147593 
 270 1 0 149211 
 271 1 0 149983 
 272 1 0 150916 
 273 1 0 152275 
 274 1 0 154296 
 275 1 0 157692 
 276 1 0 158315 
 277 1 0 159653 
 278 1 0 161201 
 279 1 0 162829 
 280 1 0 163702 
 281 1 0 166331 
 282 1 0 168112 
 283 1 0 170217 
 284 1 0 171756 
 285 1 0 173335 
 286 1 0 174064 
 287 1 0 177024 
 288 1 0 179561 
 289 1 0 181123 
 290 1 0 183693 
 291 1 0 184635 
 292 1 0 186110 
 293 1 0 189499 
 294 1 0 191969 
 295 1 0 193737 
 296 1 0 196185 
 297 1 0 197209 
 298 1 0 199944 
 299 1 0 202002 
 300 1 0 204298 