
 1 286 0 0 
 7 224 0 0 
 10 192 0 0 
 14 143 1 0 
 15 82 2 1 
 19 57 9 2 
 20 42 8 5 
 22 24 16 12 
 25 13 14 27 
 27 12 11 38 
 28 6 17 61 
 29 5 12 76 
 30 4 11 119 
 34 1 6 286 
 36 1 6 352 
 38 1 6 382 
 39 1 5 453 
 40 1 3 482 
 41 1 3 541 
 43 1 3 692 
 45 1 3 781 
 47 1 2 821 
 48 1 2 1007 
 49 1 2 1219 
 51 1 2 1304 
 53 1 2 1396 
 54 1 2 1641 
 55 1 2 1740 
 57 1 2 1947 
 58 1 2 2045 
 60 1 2 2150 
 61 1 2 2355 
 62 1 2 2533 
 63 1 2 2668 
 64 1 2 2761 
 66 1 2 2925 
 67 1 2 3231 
 68 1 2 3378 
 69 1 2 3488 
 70 1 2 3666 
 71 1 2 3750 
 72 1 2 3850 
 73 1 2 3969 
 74 1 2 4147 
 75 1 2 4374 
 76 1 2 4433 
 77 1 2 4625 
 78 1 2 4795 
 79 1 2 4906 
 80 1 2 4955 
 81 1 2 5278 
 82 1 2 5539 
 83 1 2 5673 
 84 1 2 5782 
 85 1 1 5994 
 86 1 1 6124 
 87 1 1 6536 
 88 1 1 6702 
 89 1 1 6817 
 90 1 1 7073 
 91 1 1 7342 
 93 1 1 7699 
 94 1 1 7887 
 95 1 1 8308 
 96 1 1 8552 
 97 1 1 8717 
 98 1 1 8824 
 99 1 1 9027 
 100 1 1 9287 
 101 1 1 9784 
 102 1 1 10233 
 104 1 1 10451 
 105 1 1 10812 
 106 1 1 11177 
 107 1 1 11439 
 108 1 1 12076 
 109 1 1 12518 
 110 1 1 12929 
 111 1 1 13354 
 112 1 1 13545 
 114 1 1 14486 
 115 1 1 14903 
 116 1 1 15120 
 117 1 1 15802 
 118 1 1 15993 
 119 1 1 16455 
 120 1 1 16640 
 121 1 1 17793 
 122 1 1 17970 
 123 1 1 19076 
 125 1 1 19505 
 126 1 1 20002 
 127 1 1 20509 
 128 1 1 20930 
 129 1 1 21871 
 130 1 1 22398 
 131 1 1 22700 
 132 1 1 23438 
 133 1 1 23939 
 134 1 1 24874 
 135 1 1 25966 
 136 1 1 26181 
 137 1 1 26453 
 138 1 1 27427 
 139 1 1 27733 
 140 1 1 27925 
 141 1 1 29274 
 142 1 1 30077 
 143 1 1 30694 
 144 1 1 31317 
 145 1 1 31610 
 146 1 1 31887 
 147 1 1 33435 
 148 1 1 33968 
 149 1 1 34599 
 150 1 1 35673 
 151 1 1 36054 
 152 1 1 36361 
 153 1 1 37484 
 154 1 1 38634 
 155 1 1 38899 
 156 1 1 39905 
 157 1 1 40745 
 158 1 1 40956 
 159 1 0 41860 
 160 1 0 42237 
 161 1 0 43068 
 162 1 0 44119 
 163 1 0 44740 
 164 1 0 45234 
 165 1 0 45849 
 166 1 0 46350 
 167 1 0 47002 
 168 1 0 47729 
 169 1 0 48502 
 170 1 0 49304 
 171 1 0 49983 
 172 1 0 50133 
 173 1 0 50619 
 174 1 0 51769 
 175 1 0 52587 
 176 1 0 52747 
 177 1 0 53579 
 178 1 0 54163 
 179 1 0 54316 
 180 1 0 55400 
 181 1 0 56007 
 182 1 0 56940 
 183 1 0 57074 
 184 1 0 57919 
 185 1 0 58429 
 186 1 0 59232 
 187 1 0 59890 
 188 1 0 60939 
 189 1 0 61624 
 190 1 0 62359 
 191 1 0 63157 
 192 1 0 63681 
 193 1 0 64100 
 194 1 0 66022 
 195 1 0 67524 
 196 1 0 67701 
 197 1 0 69276 
 198 1 0 69980 
 199 1 0 70857 
 200 1 0 70999 
 201 1 0 73203 
 202 1 0 73982 
 203 1 0 75150 
 204 1 0 76473 
 205 1 0 76998 
 206 1 0 78582 
 207 1 0 79748 
 208 1 0 81258 
 209 1 0 82449 
 210 1 0 83779 
 211 1 0 84699 
 212 1 0 85670 
 213 1 0 86593 
 214 1 0 88447 
 215 1 0 90272 
 216 1 0 91070 
 217 1 0 91537 
 218 1 0 93406 
 219 1 0 94219 
 220 1 0 94854 
 221 1 0 97327 
 222 1 0 98974 
 223 1 0 99976 
 224 1 0 100990 
 225 1 0 102567 
 226 1 0 103194 
 227 1 0 105549 
 228 1 0 107440 
 229 1 0 108734 
 230 1 0 110388 
 231 1 0 111208 
 232 1 0 112924 
 233 1 0 114390 
 234 1 0 116072 
 235 1 0 118023 
 236 1 0 119630 
 237 1 0 121390 
 238 1 0 122155 
 239 1 0 124221 
 240 1 0 124412 
 241 1 0 127571 
 242 1 0 129364 
 243 1 0 131379 
 244 1 0 131719 
 245 1 0 133505 
 246 1 0 135742 
 247 1 0 136985 
 248 1 0 139599 
 249 1 0 141705 
 250 1 0 143345 
 251 1 0 145143 
 252 1 0 146462 
 253 1 0 147511 
 254 1 0 150639 
 255 1 0 152034 
 256 1 0 154161 
 257 1 0 155869 
 258 1 0 158293 
 259 1 0 159066 
 260 1 0 162006 
 261 1 0 164442 
 262 1 0 166096 
 263 1 0 168257 
 264 1 0 169863 
 265 1 0 171387 
 266 1 0 173643 
 267 1 0 176190 
 268 1 0 177699 
 269 1 0 180750 
 270 1 0 182547 
 271 1 0 183711 
 272 1 0 184814 
 273 1 0 186347 
 274 1 0 188702 
 275 1 0 192815 
 276 1 0 193583 
 277 1 0 195464 
 278 1 0 197567 
 279 1 0 199337 
 280 1 0 200619 
 281 1 0 204166 
 282 1 0 206385 
 283 1 0 208946 
 284 1 0 210862 
 285 1 0 212434 
 286 1 0 213241 
 287 1 0 216173 
 288 1 0 218879 
 289 1 0 220265 
 290 1 0 222830 
 291 1 0 223926 
 292 1 0 225278 
 293 1 0 228185 
 294 1 0 230522 
 295 1 0 232323 
 296 1 0 235068 
 297 1 0 236133 
 298 1 0 238354 
 299 1 0 240196 
 300 1 0 242017 