
 1 279 0 0 
 7 212 1 0 
 10 163 1 1 
 14 117 2 3 
 15 66 5 7 
 19 54 8 8 
 20 41 7 11 
 22 20 5 33 
 25 14 8 47 
 27 11 15 56 
 28 9 13 67 
 29 7 12 88 
 30 4 10 130 
 34 4 8 241 
 36 3 4 295 
 38 3 5 324 
 39 3 5 391 
 40 3 5 424 
 41 3 4 490 
 43 2 2 603 
 45 1 2 691 
 47 1 2 733 
 48 1 2 853 
 49 1 2 1070 
 51 1 2 1177 
 53 1 2 1256 
 54 1 2 1484 
 55 1 2 1578 
 57 1 2 1722 
 58 1 2 1833 
 60 1 2 1915 
 61 1 2 2047 
 62 1 1 2283 
 63 1 1 2352 
 64 1 1 2448 
 66 1 1 2616 
 67 1 1 2828 
 68 1 1 2902 
 69 1 1 2991 
 70 1 1 3102 
 71 1 1 3196 
 72 1 1 3284 
 73 1 1 3385 
 74 1 1 3543 
 75 1 1 3710 
 76 1 1 3748 
 77 1 1 3933 
 78 1 1 4026 
 79 1 1 4125 
 80 1 1 4171 
 81 1 1 4461 
 82 1 1 4673 
 83 1 1 4818 
 84 1 1 4966 
 85 1 1 5150 
 86 1 1 5340 
 87 1 1 5806 
 88 1 1 5925 
 89 1 1 6010 
 90 1 1 6252 
 91 1 1 6493 
 93 1 1 6705 
 94 1 1 6867 
 95 1 1 7170 
 96 1 1 7449 
 97 1 1 7592 
 98 1 1 7736 
 99 1 1 7869 
 100 1 1 8131 
 101 1 1 8699 
 102 1 1 9088 
 104 1 1 9253 
 105 1 1 9548 
 106 1 1 9911 
 107 1 1 10061 
 108 1 1 10406 
 109 1 1 10612 
 110 1 1 10899 
 111 1 1 11177 
 112 1 1 11314 
 114 1 1 12096 
 115 1 1 12385 
 116 1 1 12564 
 117 1 1 12988 
 118 1 1 13214 
 119 1 1 13513 
 120 1 1 13664 
 121 1 1 14357 
 122 1 1 14533 
 123 1 1 15233 
 125 1 1 15557 
 126 1 1 15864 
 127 1 1 16261 
 128 1 1 16566 
 129 1 1 17205 
 130 1 1 17540 
 131 1 1 17675 
 132 1 1 18072 
 133 1 1 18388 
 134 1 1 18882 
 135 1 1 19532 
 136 1 1 19707 
 137 1 1 19895 
 138 1 1 20542 
 139 1 1 20741 
 140 1 1 20830 
 141 1 1 21769 
 142 1 1 22408 
 143 1 1 22785 
 144 1 1 23350 
 145 1 1 23479 
 146 1 1 23674 
 147 1 1 24506 
 148 1 1 24802 
 149 1 1 25114 
 150 1 1 25751 
 151 1 1 26044 
 152 1 1 26172 
 153 1 1 26802 
 154 1 1 27516 
 155 1 1 27688 
 156 1 1 28304 
 157 1 1 28617 
 158 1 1 28700 
 159 1 1 29223 
 160 1 1 29407 
 161 1 1 30177 
 162 1 1 30881 
 163 1 1 31336 
 164 1 1 31628 
 165 1 1 32109 
 166 1 1 32320 
 167 1 1 32844 
 168 1 1 33391 
 169 1 1 33907 
 170 1 0 34409 
 171 1 0 34803 
 172 1 0 35006 
 173 1 0 35208 
 174 1 0 36044 
 175 1 0 36688 
 176 1 0 36835 
 177 1 0 37483 
 178 1 0 37880 
 179 1 0 38052 
 180 1 0 39118 
 181 1 0 39884 
 182 1 0 40751 
 183 1 0 40892 
 184 1 0 41546 
 185 1 0 42033 
 186 1 0 42830 
 187 1 0 43435 
 188 1 0 44380 
 189 1 0 45272 
 190 1 0 45791 
 191 1 0 46196 
 192 1 0 46549 
 193 1 0 47113 
 194 1 0 48417 
 195 1 0 49503 
 196 1 0 49735 
 197 1 0 51005 
 198 1 0 51531 
 199 1 0 52386 
 200 1 0 52642 
 201 1 0 54383 
 202 1 0 54682 
 203 1 0 55353 
 204 1 0 56438 
 205 1 0 56896 
 206 1 0 57754 
 207 1 0 58510 
 208 1 0 59585 
 209 1 0 60615 
 210 1 0 61703 
 211 1 0 62228 
 212 1 0 62813 
 213 1 0 63619 
 214 1 0 64960 
 215 1 0 66286 
 216 1 0 66945 
 217 1 0 67255 
 218 1 0 69049 
 219 1 0 69923 
 220 1 0 70330 
 221 1 0 72062 
 222 1 0 73269 
 223 1 0 74139 
 224 1 0 74726 
 225 1 0 75794 
 226 1 0 76211 
 227 1 0 77672 
 228 1 0 78747 
 229 1 0 79532 
 230 1 0 80696 
 231 1 0 81098 
 232 1 0 82585 
 233 1 0 83394 
 234 1 0 84448 
 235 1 0 85553 
 236 1 0 87009 
 237 1 0 88230 
 238 1 0 88732 
 239 1 0 89831 
 240 1 0 90024 
 241 1 0 92174 
 242 1 0 93345 
 243 1 0 94787 
 244 1 0 95015 
 245 1 0 96386 
 246 1 0 98043 
 247 1 0 99169 
 248 1 0 100144 
 249 1 0 101488 
 250 1 0 102718 
 251 1 0 103958 
 252 1 0 104808 
 253 1 0 105682 
 254 1 0 107425 
 255 1 0 108327 
 256 1 0 109755 
 257 1 0 110988 
 258 1 0 112055 
 259 1 0 112643 
 260 1 0 114595 
 261 1 0 115867 
 262 1 0 116846 
 263 1 0 118034 
 264 1 0 118887 
 265 1 0 119666 
 266 1 0 121089 
 267 1 0 122558 
 268 1 0 123079 
 269 1 0 124711 
 270 1 0 125589 
 271 1 0 126330 
 272 1 0 127148 
 273 1 0 128108 
 274 1 0 129493 
 275 1 0 131639 
 276 1 0 132141 
 277 1 0 133111 
 278 1 0 134278 
 279 1 0 135713 
 280 1 0 136439 
 281 1 0 138028 
 282 1 0 139604 
 283 1 0 140984 
 284 1 0 142566 
 285 1 0 143812 
 286 1 0 144339 
 287 1 0 146054 
 288 1 0 147412 
 289 1 0 148401 
 290 1 0 150110 
 291 1 0 150708 
 292 1 0 151681 
 293 1 0 153635 
 294 1 0 154896 
 295 1 0 155994 
 296 1 0 157525 
 297 1 0 158186 
 298 1 0 159747 
 299 1 0 161013 
 300 1 0 161930 