
 1 284 0 0 
 7 198 1 0 
 10 151 1 1 
 14 92 3 6 
 15 54 2 16 
 19 40 7 23 
 20 30 7 30 
 22 17 12 43 
 25 9 9 67 
 27 7 9 76 
 28 4 12 106 
 29 4 10 123 
 30 3 11 174 
 34 2 9 303 
 36 2 7 364 
 38 2 6 395 
 39 2 6 473 
 40 2 6 508 
 41 1 3 583 
 43 1 1 796 
 45 1 1 902 
 47 1 1 967 
 48 1 1 1107 
 49 1 1 1297 
 51 1 1 1426 
 53 1 1 1500 
 54 1 1 1767 
 55 1 1 1851 
 57 1 1 1970 
 58 1 1 2067 
 60 1 1 2162 
 61 1 1 2324 
 62 1 1 2487 
 63 1 1 2580 
 64 1 1 2701 
 66 1 1 2809 
 67 1 1 3047 
 68 1 1 3162 
 69 1 1 3251 
 70 1 1 3337 
 71 1 1 3420 
 72 1 1 3505 
 73 1 1 3584 
 74 1 1 3798 
 75 1 1 3970 
 76 1 1 4005 
 77 1 1 4189 
 78 1 1 4252 
 79 1 1 4337 
 80 1 1 4359 
 81 1 1 4639 
 82 1 1 4862 
 83 1 1 5020 
 84 1 1 5110 
 85 1 1 5217 
 86 1 1 5288 
 87 1 1 5591 
 88 1 1 5695 
 89 1 1 5791 
 90 1 1 5952 
 91 1 1 6063 
 93 1 1 6181 
 94 1 1 6337 
 95 1 1 6524 
 96 1 1 6676 
 97 1 1 6734 
 98 1 1 6790 
 99 1 1 6848 
 100 1 1 6967 
 101 1 1 7216 
 102 1 1 7487 
 104 1 1 7625 
 105 1 1 7750 
 106 1 1 7873 
 107 1 1 8006 
 108 1 1 8200 
 109 1 1 8343 
 110 1 1 8474 
 111 1 1 8597 
 112 1 1 8651 
 114 1 1 8985 
 115 1 1 9078 
 116 1 1 9153 
 117 1 1 9303 
 118 1 1 9344 
 119 1 1 9481 
 120 1 1 9543 
 121 1 1 9825 
 122 1 1 9912 
 123 1 1 10183 
 125 1 1 10301 
 126 1 1 10427 
 127 1 1 10599 
 128 1 1 10681 
 129 1 1 10907 
 130 1 1 10985 
 131 1 1 11028 
 132 1 1 11147 
 133 1 1 11247 
 134 1 1 11464 
 135 1 1 11778 
 136 1 1 11834 
 137 1 1 11879 
 138 1 1 12073 
 139 1 1 12106 
 140 1 1 12215 
 141 1 1 12529 
 142 1 1 12750 
 143 1 1 12897 
 144 1 1 13059 
 145 1 1 13104 
 146 1 1 13188 
 147 1 1 13580 
 148 1 1 13684 
 149 1 1 13782 
 150 1 1 13946 
 151 1 1 14078 
 152 1 1 14122 
 153 1 1 14342 
 154 1 1 14627 
 155 1 1 14677 
 156 1 1 14981 
 157 1 1 15164 
 158 1 1 15197 
 159 1 1 15404 
 160 1 1 15494 
 161 1 1 15786 
 162 1 1 15991 
 163 1 1 16192 
 164 1 1 16335 
 165 1 1 16580 
 166 1 1 16654 
 167 1 1 16910 
 168 1 1 17149 
 169 1 1 17324 
 170 1 1 17506 
 171 1 1 17686 
 172 1 1 17750 
 173 1 1 17845 
 174 1 1 18186 
 175 1 1 18360 
 176 1 1 18442 
 177 1 1 18592 
 178 1 1 18799 
 179 1 1 18842 
 180 1 1 19153 
 181 1 1 19320 
 182 1 1 19629 
 183 1 1 19719 
 184 1 1 19914 
 185 1 1 20125 
 186 1 1 20322 
 187 1 1 20488 
 188 1 1 20755 
 189 1 1 20925 
 190 1 1 21074 
 191 1 1 21247 
 192 1 1 21354 
 193 1 1 21485 
 194 1 1 21787 
 195 1 1 22174 
 196 1 1 22262 
 197 1 1 22641 
 198 1 1 22837 
 199 1 1 23052 
 200 1 1 23150 
 201 1 1 23647 
 202 1 1 23779 
 203 1 1 23998 
 204 1 1 24241 
 205 1 1 24366 
 206 1 1 24593 
 207 1 1 24844 
 208 1 1 25134 
 209 1 1 25367 
 210 1 1 25630 
 211 1 1 25830 
 212 1 1 26035 
 213 1 1 26196 
 214 1 1 26458 
 215 1 1 26769 
 216 1 1 27047 
 217 1 1 27137 
 218 1 1 27486 
 219 1 1 27656 
 220 1 1 27839 
 221 1 1 28164 
 222 1 1 28491 
 223 1 1 28672 
 224 1 1 28844 
 225 1 1 29070 
 226 1 1 29249 
 227 1 1 29626 
 228 1 1 29958 
 229 1 1 30149 
 230 1 1 30490 
 231 1 1 30643 
 232 1 1 31046 
 233 1 1 31267 
 234 1 1 31529 
 235 1 1 31905 
 236 1 1 32153 
 237 1 1 32471 
 238 1 1 32616 
 239 1 1 32914 
 240 1 1 33039 
 241 1 1 33605 
 242 1 1 33780 
 243 1 1 34110 
 244 1 1 34179 
 245 1 1 34546 
 246 1 1 34903 
 247 1 1 35262 
 248 1 1 35702 
 249 1 1 36050 
 250 1 1 36327 
 251 1 1 36675 
 252 1 1 36921 
 253 1 1 37185 
 254 1 1 37819 
 255 1 1 38126 
 256 1 1 38491 
 257 1 1 38816 
 258 1 0 39636 
 259 1 0 39746 
 260 1 0 40441 
 261 1 0 41796 
 262 1 0 42978 
 263 1 0 44200 
 264 1 0 45279 
 265 1 0 45899 
 266 1 0 47147 
 267 1 0 49527 
 268 1 0 50593 
 269 1 0 52685 
 270 1 0 53856 
 271 1 0 55219 
 272 1 0 56236 
 273 1 0 57165 
 274 1 0 58943 
 275 1 0 61631 
 276 1 0 62233 
 277 1 0 63409 
 278 1 0 64887 
 279 1 0 66740 
 280 1 0 67898 
 281 1 0 70946 
 282 1 0 73897 
 283 1 0 75989 
 284 1 0 78318 
 285 1 0 80242 
 286 1 0 80997 
 287 1 0 85430 
 288 1 0 88477 
 289 1 0 90611 
 290 1 0 93268 
 291 1 0 94845 
 292 1 0 95932 
 293 1 0 100720 
 294 1 0 103551 
 295 1 0 105803 
 296 1 0 108604 
 297 1 0 110398 
 298 1 0 114744 
 299 1 0 117650 
 300 1 0 120406 