
 1 287 0 0 
 7 202 4 0 
 10 148 2 4 
 14 114 1 10 
 15 61 0 26 
 19 46 7 31 
 20 36 6 35 
 22 17 12 49 
 25 9 12 69 
 27 7 14 81 
 28 6 13 114 
 29 4 10 143 
 30 2 6 205 
 34 1 6 383 
 36 1 4 456 
 38 1 3 473 
 39 1 2 543 
 40 1 1 592 
 41 1 1 695 
 43 1 2 881 
 45 1 2 966 
 47 1 1 1014 
 48 1 1 1157 
 49 1 1 1366 
 51 1 2 1455 
 53 1 2 1564 
 54 1 2 1774 
 55 1 2 1850 
 57 1 2 2025 
 58 1 1 2125 
 60 1 1 2238 
 61 1 1 2392 
 62 1 1 2609 
 63 1 1 2694 
 64 1 1 2827 
 66 1 1 2993 
 67 1 1 3240 
 68 1 1 3360 
 69 1 1 3452 
 70 1 1 3549 
 71 1 1 3635 
 72 1 1 3729 
 73 1 1 3816 
 74 1 1 3915 
 75 1 1 4094 
 76 1 1 4124 
 77 1 1 4297 
 78 1 1 4381 
 79 1 1 4433 
 80 1 1 4472 
 81 1 1 4748 
 82 1 1 4923 
 83 1 1 5014 
 84 1 1 5090 
 85 1 1 5191 
 86 1 1 5268 
 87 1 1 5564 
 88 1 1 5637 
 89 1 1 5708 
 90 1 1 5881 
 91 1 1 6026 
 93 1 1 6140 
 94 1 1 6222 
 95 1 1 6392 
 96 1 1 6530 
 97 1 1 6617 
 98 1 1 6666 
 99 1 1 6730 
 100 1 1 6894 
 101 1 1 7162 
 102 1 1 7367 
 104 1 1 7449 
 105 1 1 7605 
 106 1 1 7712 
 107 1 1 7774 
 108 1 1 7976 
 109 1 1 8135 
 110 1 1 8274 
 111 1 1 8434 
 112 1 1 8476 
 114 1 1 8802 
 115 1 1 8975 
 116 1 1 9024 
 117 1 1 9224 
 118 1 1 9296 
 119 1 1 9439 
 120 1 1 9488 
 121 1 1 9753 
 122 1 1 9812 
 123 1 1 10077 
 125 1 1 10182 
 126 1 1 10306 
 127 1 1 10381 
 128 1 1 10527 
 129 1 1 10755 
 130 1 1 10861 
 131 1 1 10903 
 132 1 1 11054 
 133 1 1 11175 
 134 1 1 11356 
 135 1 1 11527 
 136 1 1 11553 
 137 1 1 11586 
 138 1 1 11806 
 139 1 1 11879 
 140 1 1 11911 
 141 1 1 12130 
 142 1 1 12282 
 143 1 1 12398 
 144 1 1 12595 
 145 1 1 12669 
 146 1 1 12765 
 147 1 1 13083 
 148 1 1 13191 
 149 1 1 13302 
 150 1 1 13542 
 151 1 1 13638 
 152 1 1 13708 
 153 1 1 13989 
 154 1 1 14203 
 155 1 1 14231 
 156 1 1 14477 
 157 1 1 14619 
 158 1 1 14683 
 159 1 1 14817 
 160 1 1 14884 
 161 1 1 15171 
 162 1 1 15509 
 163 1 1 15709 
 164 1 1 15809 
 165 1 1 16004 
 166 1 1 16126 
 167 1 1 16295 
 168 1 1 16540 
 169 1 1 16735 
 170 1 1 16940 
 171 1 1 17147 
 172 1 1 17212 
 173 1 1 17327 
 174 1 1 17561 
 175 1 1 17801 
 176 1 1 17845 
 177 1 1 18086 
 178 1 1 18233 
 179 1 1 18319 
 180 1 1 18627 
 181 1 1 18761 
 182 1 1 19056 
 183 1 1 19112 
 184 1 1 19329 
 185 1 1 19533 
 186 1 1 19722 
 187 1 1 19850 
 188 1 1 20079 
 189 1 1 20299 
 190 1 1 20523 
 191 1 1 20661 
 192 1 1 20784 
 193 1 1 20874 
 194 1 1 21105 
 195 1 1 21362 
 196 1 1 21402 
 197 1 1 21717 
 198 1 1 21894 
 199 1 1 22094 
 200 1 1 22164 
 201 1 1 22745 
 202 1 1 22846 
 203 1 1 23126 
 204 1 1 23344 
 205 1 1 23542 
 206 1 1 23784 
 207 1 1 24029 
 208 1 1 24291 
 209 1 1 24525 
 210 1 1 24883 
 211 1 1 25136 
 212 1 1 25362 
 213 1 1 25524 
 214 1 1 25880 
 215 1 1 26141 
 216 1 1 26338 
 217 1 1 26411 
 218 1 1 26877 
 219 1 1 27071 
 220 1 1 27229 
 221 1 1 27596 
 222 1 1 27895 
 223 1 1 28079 
 224 1 0 28291 
 225 1 0 28552 
 226 1 0 28754 
 227 1 0 29238 
 228 1 0 29526 
 229 1 0 29714 
 230 1 0 30174 
 231 1 0 30318 
 232 1 0 30856 
 233 1 0 31058 
 234 1 0 31750 
 235 1 0 32297 
 236 1 0 32913 
 237 1 0 33481 
 238 1 0 33989 
 239 1 0 34397 
 240 1 0 34595 
 241 1 0 35873 
 242 1 0 36388 
 243 1 0 36928 
 244 1 0 37091 
 245 1 0 37938 
 246 1 0 39011 
 247 1 0 39783 
 248 1 0 41057 
 249 1 0 42327 
 250 1 0 43237 
 251 1 0 44116 
 252 1 0 45017 
 253 1 0 45967 
 254 1 0 48616 
 255 1 0 49922 
 256 1 0 51376 
 257 1 0 52458 
 258 1 0 54056 
 259 1 0 54676 
 260 1 0 56356 
 261 1 0 58417 
 262 1 0 59810 
 263 1 0 61153 
 264 1 0 62288 
 265 1 0 63577 
 266 1 0 65071 
 267 1 0 67549 
 268 1 0 68374 
 269 1 0 70941 
 270 1 0 72465 
 271 1 0 73661 
 272 1 0 74911 
 273 1 0 75964 
 274 1 0 78809 
 275 1 0 81907 
 276 1 0 82697 
 277 1 0 84234 
 278 1 0 86162 
 279 1 0 87720 
 280 1 0 88942 
 281 1 0 92204 
 282 1 0 95180 
 283 1 0 97483 
 284 1 0 99448 
 285 1 0 100955 
 286 1 0 101742 
 287 1 0 105122 
 288 1 0 107331 
 289 1 0 109104 
 290 1 0 112133 
 291 1 0 113204 
 292 1 0 115039 
 293 1 0 118322 
 294 1 0 121603 
 295 1 0 124199 
 296 1 0 126750 
 297 1 0 128283 
 298 1 0 131988 
 299 1 0 134813 
 300 1 0 137881 