
 1 273 0 0 
 7 208 0 0 
 10 156 1 0 
 14 121 2 1 
 15 68 3 8 
 19 56 8 10 
 20 45 4 13 
 22 20 8 25 
 25 14 5 33 
 27 11 7 41 
 28 9 14 66 
 29 9 8 88 
 30 7 11 127 
 34 3 5 268 
 36 2 3 312 
 38 1 3 346 
 39 1 4 422 
 40 1 2 460 
 41 1 2 536 
 43 1 2 655 
 45 1 2 729 
 47 1 2 769 
 48 1 1 905 
 49 1 2 1070 
 51 1 2 1146 
 53 1 2 1222 
 54 1 2 1401 
 55 1 2 1519 
 57 1 1 1626 
 58 1 1 1703 
 60 1 1 1797 
 61 1 1 1934 
 62 1 1 2160 
 63 1 1 2239 
 64 1 1 2341 
 66 1 1 2469 
 67 1 1 2690 
 68 1 1 2780 
 69 1 1 2881 
 70 1 1 2961 
 71 1 1 3052 
 72 1 1 3148 
 73 1 1 3231 
 74 1 1 3400 
 75 1 1 3595 
 76 1 1 3644 
 77 1 1 3825 
 78 1 1 3904 
 79 1 1 4013 
 80 1 1 4064 
 81 1 1 4335 
 82 1 1 4561 
 83 1 1 4678 
 84 1 1 4731 
 85 1 1 4872 
 86 1 1 4944 
 87 1 1 5266 
 88 1 1 5350 
 89 1 1 5431 
 90 1 1 5664 
 91 1 1 5813 
 93 1 1 5973 
 94 1 1 6078 
 95 1 1 6295 
 96 1 1 6443 
 97 1 1 6539 
 98 1 1 6625 
 99 1 1 6734 
 100 1 1 6889 
 101 1 1 7159 
 102 1 1 7442 
 104 1 1 7556 
 105 1 1 7744 
 106 1 1 7879 
 107 1 1 8012 
 108 1 1 8287 
 109 1 1 8444 
 110 1 1 8608 
 111 1 1 8804 
 112 1 1 8941 
 114 1 1 9303 
 115 1 1 9480 
 116 1 1 9567 
 117 1 1 9823 
 118 1 1 9902 
 119 1 1 10062 
 120 1 1 10132 
 121 1 1 10488 
 122 1 1 10584 
 123 1 1 10990 
 125 1 1 11201 
 126 1 1 11392 
 127 1 1 11590 
 128 1 1 11738 
 129 1 1 12046 
 130 1 1 12290 
 131 1 1 12368 
 132 1 1 12574 
 133 1 1 12724 
 134 1 1 13075 
 135 1 1 13438 
 136 1 1 13509 
 137 1 1 13588 
 138 1 1 13997 
 139 1 1 14100 
 140 1 1 14184 
 141 1 1 14593 
 142 1 1 14860 
 143 1 1 15013 
 144 1 1 15248 
 145 1 1 15326 
 146 1 1 15430 
 147 1 1 15942 
 148 1 1 16095 
 149 1 1 16218 
 150 1 1 16508 
 151 1 1 16642 
 152 1 1 16700 
 153 1 1 17013 
 154 1 1 17378 
 155 1 1 17435 
 156 1 1 17765 
 157 1 1 18010 
 158 1 1 18175 
 159 1 1 18405 
 160 1 1 18528 
 161 1 1 18933 
 162 1 1 19229 
 163 1 1 19478 
 164 1 1 19639 
 165 1 1 19881 
 166 1 1 20062 
 167 1 1 20337 
 168 1 1 20670 
 169 1 1 20947 
 170 1 1 21191 
 171 1 1 21353 
 172 1 1 21453 
 173 1 1 21614 
 174 1 1 22025 
 175 1 1 22355 
 176 1 1 22485 
 177 1 1 22871 
 178 1 1 23142 
 179 1 1 23252 
 180 1 1 23643 
 181 1 1 23870 
 182 1 1 24318 
 183 1 1 24439 
 184 1 1 24840 
 185 1 1 25084 
 186 1 1 25397 
 187 1 1 25613 
 188 1 1 25956 
 189 1 1 26326 
 190 1 1 26595 
 191 1 1 26803 
 192 1 1 27009 
 193 1 1 27120 
 194 1 1 27601 
 195 1 1 28081 
 196 1 1 28178 
 197 1 1 28653 
 198 1 1 28857 
 199 1 1 29243 
 200 1 1 29312 
 201 1 1 30062 
 202 1 1 30216 
 203 1 1 30575 
 204 1 1 30910 
 205 1 1 31085 
 206 1 1 31548 
 207 1 1 31902 
 208 1 1 32512 
 209 1 1 32910 
 210 1 1 33283 
 211 1 1 33511 
 212 1 1 33852 
 213 1 1 34132 
 214 1 1 34566 
 215 1 1 35003 
 216 1 1 35258 
 217 1 1 35408 
 218 1 1 36064 
 219 1 1 36386 
 220 1 1 36581 
 221 1 0 37320 
 222 1 0 37827 
 223 1 0 38086 
 224 1 0 38363 
 225 1 0 38728 
 226 1 0 39017 
 227 1 0 39704 
 228 1 0 40298 
 229 1 0 40588 
 230 1 0 41158 
 231 1 0 41482 
 232 1 0 42068 
 233 1 0 42448 
 234 1 0 42978 
 235 1 0 43533 
 236 1 0 43977 
 237 1 0 44624 
 238 1 0 44867 
 239 1 0 45340 
 240 1 0 45444 
 241 1 0 46863 
 242 1 0 47258 
 243 1 0 48106 
 244 1 0 48275 
 245 1 0 49465 
 246 1 0 50915 
 247 1 0 51979 
 248 1 0 53358 
 249 1 0 55402 
 250 1 0 56742 
 251 1 0 58355 
 252 1 0 59012 
 253 1 0 60318 
 254 1 0 63095 
 255 1 0 64472 
 256 1 0 66178 
 257 1 0 67104 
 258 1 0 69697 
 259 1 0 70372 
 260 1 0 72975 
 261 1 0 76083 
 262 1 0 78140 
 263 1 0 80076 
 264 1 0 81492 
 265 1 0 83184 
 266 1 0 85031 
 267 1 0 88250 
 268 1 0 89885 
 269 1 0 92950 
 270 1 0 95433 
 271 1 0 96980 
 272 1 0 98843 
 273 1 0 100935 
 274 1 0 103657 
 275 1 0 108299 
 276 1 0 109250 
 277 1 0 110946 
 278 1 0 113507 
 279 1 0 116200 
 280 1 0 117603 
 281 1 0 121885 
 282 1 0 124735 
 283 1 0 127328 
 284 1 0 130988 
 285 1 0 133522 
 286 1 0 134453 
 287 1 0 139269 
 288 1 0 142058 
 289 1 0 144203 
 290 1 0 147515 
 291 1 0 149697 
 292 1 0 151661 
 293 1 0 156899 
 294 1 0 160629 
 295 1 0 163559 
 296 1 0 167273 
 297 1 0 169027 
 298 1 0 172760 
 299 1 0 175700 
 300 1 0 178779 