
 1 278 0 0 
 7 212 1 0 
 10 157 0 1 
 14 122 0 1 
 15 57 3 3 
 19 31 13 5 
 20 24 8 10 
 22 19 6 33 
 25 16 12 49 
 27 15 11 65 
 28 9 9 96 
 29 7 4 114 
 30 5 5 175 
 34 3 9 328 
 36 3 6 400 
 38 2 6 427 
 39 2 7 491 
 40 2 5 526 
 41 2 4 596 
 43 2 2 776 
 45 2 3 857 
 47 2 3 886 
 48 2 2 1029 
 49 1 2 1247 
 51 1 2 1360 
 53 1 2 1450 
 54 1 2 1685 
 55 1 1 1788 
 57 1 1 1916 
 58 1 1 2022 
 60 1 1 2114 
 61 1 1 2294 
 62 1 1 2509 
 63 1 1 2606 
 64 1 1 2721 
 66 1 1 2874 
 67 1 1 3133 
 68 1 1 3262 
 69 1 1 3376 
 70 1 1 3473 
 71 1 1 3555 
 72 1 1 3659 
 73 1 1 3727 
 74 1 1 3928 
 75 1 1 4125 
 76 1 1 4161 
 77 1 1 4359 
 78 1 1 4433 
 79 1 1 4549 
 80 1 1 4600 
 81 1 1 4882 
 82 1 1 5095 
 83 1 1 5190 
 84 1 1 5273 
 85 1 1 5397 
 86 1 1 5467 
 87 1 1 5811 
 88 1 1 5947 
 89 1 1 6015 
 90 1 1 6169 
 91 1 1 6337 
 93 1 1 6503 
 94 1 1 6658 
 95 1 1 6858 
 96 1 1 6991 
 97 1 1 7065 
 98 1 1 7135 
 99 1 1 7214 
 100 1 1 7352 
 101 1 1 7637 
 102 1 1 7894 
 104 1 1 8013 
 105 1 1 8191 
 106 1 1 8305 
 107 1 1 8432 
 108 1 1 8681 
 109 1 1 8806 
 110 1 1 8948 
 111 1 1 9096 
 112 1 1 9199 
 114 1 1 9638 
 115 1 1 9778 
 116 1 1 9873 
 117 1 1 10146 
 118 1 1 10199 
 119 1 1 10355 
 120 1 1 10406 
 121 1 1 10754 
 122 1 1 10839 
 123 1 1 11157 
 125 1 1 11296 
 126 1 1 11489 
 127 1 1 11705 
 128 1 1 11793 
 129 1 1 12069 
 130 1 1 12226 
 131 1 1 12290 
 132 1 1 12505 
 133 1 1 12676 
 134 1 1 12972 
 135 1 1 13274 
 136 1 1 13368 
 137 1 1 13417 
 138 1 1 13673 
 139 1 1 13766 
 140 1 1 13820 
 141 1 1 14157 
 142 1 1 14375 
 143 1 1 14539 
 144 1 1 14784 
 145 1 1 14900 
 146 1 1 14971 
 147 1 1 15294 
 148 1 1 15394 
 149 1 1 15542 
 150 1 1 15788 
 151 1 1 15880 
 152 1 1 15976 
 153 1 1 16262 
 154 1 1 16542 
 155 1 1 16601 
 156 1 1 16946 
 157 1 1 17155 
 158 1 1 17259 
 159 1 1 17499 
 160 1 1 17590 
 161 1 1 17865 
 162 1 1 18198 
 163 1 1 18469 
 164 1 1 18581 
 165 1 1 18829 
 166 1 1 18993 
 167 1 1 19174 
 168 1 1 19436 
 169 1 1 19622 
 170 1 1 19873 
 171 1 1 20101 
 172 1 1 20196 
 173 1 1 20377 
 174 1 1 20721 
 175 1 1 20994 
 176 1 1 21066 
 177 1 1 21282 
 178 1 1 21467 
 179 1 1 21531 
 180 1 1 21923 
 181 1 1 22075 
 182 1 1 22376 
 183 1 1 22443 
 184 1 1 22730 
 185 1 1 22952 
 186 1 1 23214 
 187 1 1 23379 
 188 1 1 23611 
 189 1 1 23920 
 190 1 1 24085 
 191 1 1 24333 
 192 1 1 24477 
 193 1 1 24591 
 194 1 1 25033 
 195 1 1 25391 
 196 1 1 25474 
 197 1 1 25810 
 198 1 1 26048 
 199 1 1 26304 
 200 1 1 26383 
 201 1 1 26965 
 202 1 1 27097 
 203 1 1 27329 
 204 1 1 27610 
 205 1 1 27768 
 206 1 1 28028 
 207 1 1 28248 
 208 1 1 28673 
 209 1 1 28951 
 210 1 1 29231 
 211 1 1 29440 
 212 1 1 29634 
 213 1 1 29923 
 214 1 1 30378 
 215 1 1 30619 
 216 1 1 30823 
 217 1 1 30945 
 218 1 1 31367 
 219 1 1 31574 
 220 1 1 31662 
 221 1 1 32123 
 222 1 1 32471 
 223 1 1 32775 
 224 1 1 33013 
 225 1 1 33321 
 226 1 1 33522 
 227 1 1 34008 
 228 1 1 34426 
 229 1 1 34627 
 230 1 1 34922 
 231 1 1 35003 
 232 1 1 35486 
 233 1 1 35814 
 234 1 1 36160 
 235 1 0 36539 
 236 1 0 36882 
 237 1 0 37309 
 238 1 0 37464 
 239 1 0 38282 
 240 1 0 38361 
 241 1 0 39733 
 242 1 0 40855 
 243 1 0 42019 
 244 1 0 42063 
 245 1 0 43314 
 246 1 0 45407 
 247 1 0 46165 
 248 1 0 46938 
 249 1 0 48712 
 250 1 0 50230 
 251 1 0 52840 
 252 1 0 53789 
 253 1 0 54678 
 254 1 0 57652 
 255 1 0 58855 
 256 1 0 61242 
 257 1 0 63021 
 258 1 0 65310 
 259 1 0 66010 
 260 1 0 68898 
 261 1 0 71030 
 262 1 0 72846 
 263 1 0 75472 
 264 1 0 76681 
 265 1 0 78365 
 266 1 0 80688 
 267 1 0 83044 
 268 1 0 84388 
 269 1 0 87602 
 270 1 0 89341 
 271 1 0 90877 
 272 1 0 92829 
 273 1 0 95147 
 274 1 0 97652 
 275 1 0 101885 
 276 1 0 102938 
 277 1 0 105053 
 278 1 0 107340 
 279 1 0 109457 
 280 1 0 111682 
 281 1 0 115305 
 282 1 0 118538 
 283 1 0 121504 
 284 1 0 123712 
 285 1 0 125779 
 286 1 0 126606 
 287 1 0 130609 
 288 1 0 133333 
 289 1 0 135325 
 290 1 0 138284 
 291 1 0 139328 
 292 1 0 140924 
 293 1 0 145126 
 294 1 0 148321 
 295 1 0 150868 
 296 1 0 154627 
 297 1 0 156137 
 298 1 0 159909 
 299 1 0 162718 
 300 1 0 166313 