
 1 271 0 0 
 7 208 0 0 
 10 141 0 0 
 14 98 3 0 
 15 57 7 3 
 19 43 10 5 
 20 32 9 6 
 22 23 11 17 
 25 17 5 40 
 27 13 4 58 
 28 9 7 88 
 29 4 8 112 
 30 3 5 171 
 34 1 7 340 
 36 1 9 428 
 38 1 5 474 
 39 1 5 537 
 40 1 5 593 
 41 1 4 729 
 43 1 1 928 
 45 1 2 1028 
 47 1 2 1067 
 48 1 1 1239 
 49 1 1 1484 
 51 1 1 1581 
 53 1 1 1729 
 54 1 1 2019 
 55 1 1 2125 
 57 1 1 2291 
 58 1 1 2426 
 60 1 1 2559 
 61 1 1 2730 
 62 1 1 2979 
 63 1 1 3091 
 64 1 1 3227 
 66 1 1 3396 
 67 1 1 3692 
 68 1 1 3785 
 69 1 1 3896 
 70 1 1 3981 
 71 1 1 4115 
 72 1 1 4210 
 73 1 1 4306 
 74 1 1 4479 
 75 1 1 4665 
 76 1 1 4715 
 77 1 1 4892 
 78 1 1 5001 
 79 1 1 5094 
 80 1 1 5152 
 81 1 1 5458 
 82 1 1 5637 
 83 1 1 5713 
 84 1 1 5805 
 85 1 1 5946 
 86 1 1 6020 
 87 1 1 6365 
 88 1 1 6457 
 89 1 1 6553 
 90 1 1 6731 
 91 1 1 6933 
 93 1 1 7133 
 94 1 1 7282 
 95 1 1 7501 
 96 1 1 7652 
 97 1 1 7760 
 98 1 1 7837 
 99 1 1 7921 
 100 1 1 8110 
 101 1 1 8358 
 102 1 1 8611 
 104 1 1 8782 
 105 1 1 8979 
 106 1 1 9158 
 107 1 1 9240 
 108 1 1 9493 
 109 1 1 9636 
 110 1 1 9748 
 111 1 1 9870 
 112 1 1 9929 
 114 1 1 10286 
 115 1 1 10445 
 116 1 1 10519 
 117 1 1 10759 
 118 1 1 10840 
 119 1 1 11005 
 120 1 1 11088 
 121 1 1 11356 
 122 1 1 11401 
 123 1 1 11738 
 125 1 1 11875 
 126 1 1 12052 
 127 1 1 12186 
 128 1 1 12314 
 129 1 1 12590 
 130 1 1 12706 
 131 1 1 12757 
 132 1 1 12923 
 133 1 1 13032 
 134 1 1 13323 
 135 1 1 13641 
 136 1 1 13720 
 137 1 1 13780 
 138 1 1 14002 
 139 1 1 14061 
 140 1 1 14120 
 141 1 1 14442 
 142 1 1 14681 
 143 1 1 14807 
 144 1 1 15048 
 145 1 1 15123 
 146 1 1 15186 
 147 1 1 15598 
 148 1 1 15668 
 149 1 1 15792 
 150 1 1 16070 
 151 1 1 16166 
 152 1 1 16232 
 153 1 1 16567 
 154 1 1 16808 
 155 1 1 16843 
 156 1 1 17161 
 157 1 1 17352 
 158 1 1 17403 
 159 1 1 17575 
 160 1 1 17699 
 161 1 1 17908 
 162 1 1 18187 
 163 1 1 18378 
 164 1 1 18499 
 165 1 1 18634 
 166 1 1 18758 
 167 1 1 18902 
 168 1 1 19128 
 169 1 1 19309 
 170 1 1 19523 
 171 1 1 19741 
 172 1 1 19832 
 173 1 1 19980 
 174 1 1 20398 
 175 1 1 20602 
 176 1 1 20664 
 177 1 1 20929 
 178 1 1 21089 
 179 1 1 21146 
 180 1 1 21447 
 181 1 1 21657 
 182 1 1 21933 
 183 1 1 21968 
 184 1 1 22263 
 185 1 1 22491 
 186 1 1 22709 
 187 1 1 22845 
 188 1 1 23096 
 189 1 1 23432 
 190 1 1 23656 
 191 1 1 23883 
 192 1 1 23987 
 193 1 1 24092 
 194 1 1 24357 
 195 1 1 24645 
 196 1 1 24698 
 197 1 1 25029 
 198 1 1 25197 
 199 1 1 25433 
 200 1 1 25491 
 201 1 1 25938 
 202 1 1 26027 
 203 1 1 26257 
 204 1 1 26549 
 205 1 1 26687 
 206 1 1 26922 
 207 1 1 27150 
 208 1 1 27425 
 209 1 1 27683 
 210 1 1 27958 
 211 1 1 28123 
 212 1 1 28305 
 213 1 1 28560 
 214 1 1 28851 
 215 1 1 29231 
 216 1 1 29402 
 217 1 1 29541 
 218 1 1 29950 
 219 1 1 30113 
 220 1 1 30265 
 221 1 1 30709 
 222 1 1 31015 
 223 1 0 31276 
 224 1 0 31525 
 225 1 0 31777 
 226 1 0 32029 
 227 1 0 32584 
 228 1 0 33332 
 229 1 0 33682 
 230 1 0 34496 
 231 1 0 34769 
 232 1 0 35687 
 233 1 0 36393 
 234 1 0 37119 
 235 1 0 37878 
 236 1 0 38899 
 237 1 0 39943 
 238 1 0 40456 
 239 1 0 41751 
 240 1 0 41926 
 241 1 0 44683 
 242 1 0 45957 
 243 1 0 47783 
 244 1 0 48074 
 245 1 0 50486 
 246 1 0 53134 
 247 1 0 54182 
 248 1 0 55766 
 249 1 0 57896 
 250 1 0 59726 
 251 1 0 62056 
 252 1 0 63651 
 253 1 0 64995 
 254 1 0 68412 
 255 1 0 70191 
 256 1 0 72605 
 257 1 0 74704 
 258 1 0 77171 
 259 1 0 77937 
 260 1 0 81083 
 261 1 0 83980 
 262 1 0 85902 
 263 1 0 88049 
 264 1 0 89998 
 265 1 0 92173 
 266 1 0 94900 
 267 1 0 98420 
 268 1 0 99693 
 269 1 0 103561 
 270 1 0 106023 
 271 1 0 107971 
 272 1 0 109787 
 273 1 0 112389 
 274 1 0 115239 
 275 1 0 119901 
 276 1 0 121344 
 277 1 0 123250 
 278 1 0 126311 
 279 1 0 129120 
 280 1 0 130948 
 281 1 0 135416 
 282 1 0 139117 
 283 1 0 142775 
 284 1 0 146423 
 285 1 0 149104 
 286 1 0 150352 
 287 1 0 156468 
 288 1 0 160798 
 289 1 0 163546 
 290 1 0 167374 
 291 1 0 169306 
 292 1 0 171727 
 293 1 0 177423 
 294 1 0 181402 
 295 1 0 185664 
 296 1 0 191046 
 297 1 0 193342 
 298 1 0 200268 
 299 1 0 204199 
 300 1 0 208103 