
 1 284 0 0 
 7 215 1 0 
 10 164 0 1 
 14 117 2 1 
 15 54 5 5 
 19 39 11 6 
 20 28 9 8 
 22 14 11 23 
 25 9 11 40 
 27 9 9 52 
 28 5 10 74 
 29 4 8 98 
 30 4 7 133 
 34 1 3 227 
 36 1 3 290 
 38 1 3 314 
 39 1 3 375 
 40 1 3 419 
 41 1 3 499 
 43 1 1 631 
 45 1 2 736 
 47 1 2 772 
 48 1 2 883 
 49 1 2 1054 
 51 1 2 1164 
 53 1 2 1276 
 54 1 1 1456 
 55 1 1 1547 
 57 1 1 1681 
 58 1 1 1787 
 60 1 1 1856 
 61 1 1 1954 
 62 1 1 2103 
 63 1 1 2174 
 64 1 1 2254 
 66 1 1 2352 
 67 1 1 2526 
 68 1 1 2584 
 69 1 1 2665 
 70 1 1 2715 
 71 1 1 2787 
 72 1 1 2860 
 73 1 1 2921 
 74 1 1 3054 
 75 1 1 3228 
 76 1 1 3255 
 77 1 1 3404 
 78 1 1 3461 
 79 1 1 3548 
 80 1 1 3580 
 81 1 1 3799 
 82 1 1 3962 
 83 1 1 4043 
 84 1 1 4117 
 85 1 1 4239 
 86 1 1 4293 
 87 1 1 4485 
 88 1 1 4536 
 89 1 1 4582 
 90 1 1 4686 
 91 1 1 4792 
 93 1 1 4958 
 94 1 1 5065 
 95 1 1 5178 
 96 1 1 5352 
 97 1 1 5420 
 98 1 1 5514 
 99 1 1 5605 
 100 1 1 5749 
 101 1 1 6015 
 102 1 1 6191 
 104 1 1 6282 
 105 1 1 6407 
 106 1 1 6556 
 107 1 1 6630 
 108 1 1 6851 
 109 1 1 6947 
 110 1 1 7070 
 111 1 1 7174 
 112 1 1 7233 
 114 1 1 7499 
 115 1 1 7606 
 116 1 1 7664 
 117 1 1 7867 
 118 1 1 7916 
 119 1 1 8071 
 120 1 1 8110 
 121 1 1 8388 
 122 1 1 8446 
 123 1 1 8706 
 125 1 1 8812 
 126 1 1 8930 
 127 1 1 9067 
 128 1 1 9159 
 129 1 1 9412 
 130 1 1 9497 
 131 1 1 9550 
 132 1 1 9700 
 133 1 1 9796 
 134 1 1 9968 
 135 1 1 10276 
 136 1 1 10338 
 137 1 1 10382 
 138 1 1 10610 
 139 1 1 10684 
 140 1 1 10740 
 141 1 1 11000 
 142 1 1 11167 
 143 1 1 11242 
 144 1 1 11407 
 145 1 1 11453 
 146 1 1 11509 
 147 1 1 11758 
 148 1 1 11866 
 149 1 1 11966 
 150 1 1 12117 
 151 1 1 12193 
 152 1 1 12234 
 153 1 1 12479 
 154 1 1 12711 
 155 1 1 12743 
 156 1 1 12967 
 157 1 1 13164 
 158 1 1 13207 
 159 1 1 13388 
 160 1 1 13437 
 161 1 1 13701 
 162 1 1 13876 
 163 1 1 14055 
 164 1 1 14180 
 165 1 1 14338 
 166 1 1 14430 
 167 1 1 14637 
 168 1 1 14881 
 169 1 1 15097 
 170 1 1 15282 
 171 1 1 15482 
 172 1 1 15534 
 173 1 1 15604 
 174 1 1 15879 
 175 1 1 16100 
 176 1 1 16144 
 177 1 1 16374 
 178 1 1 16566 
 179 1 1 16622 
 180 1 1 16868 
 181 1 1 17026 
 182 1 1 17327 
 183 1 1 17389 
 184 1 1 17591 
 185 1 1 17753 
 186 1 1 17919 
 187 1 1 18031 
 188 1 1 18207 
 189 1 1 18440 
 190 1 1 18600 
 191 1 1 18738 
 192 1 1 18830 
 193 1 1 18974 
 194 1 1 19268 
 195 1 1 19565 
 196 1 1 19601 
 197 1 1 19820 
 198 1 1 19977 
 199 1 1 20169 
 200 1 1 20204 
 201 1 1 20592 
 202 1 1 20683 
 203 1 1 20913 
 204 1 1 21156 
 205 1 1 21260 
 206 1 1 21477 
 207 1 1 21690 
 208 1 1 21949 
 209 1 1 22161 
 210 1 1 22366 
 211 1 1 22534 
 212 1 1 22651 
 213 1 1 22752 
 214 1 1 23050 
 215 1 1 23330 
 216 1 1 23496 
 217 1 1 23543 
 218 1 1 23866 
 219 1 1 23987 
 220 1 1 24096 
 221 1 1 24443 
 222 1 1 24709 
 223 1 1 24905 
 224 1 1 25077 
 225 1 1 25288 
 226 1 1 25377 
 227 1 1 25724 
 228 1 1 25990 
 229 1 1 26156 
 230 1 1 26400 
 231 1 1 26520 
 232 1 1 26778 
 233 1 1 26954 
 234 1 1 27219 
 235 1 1 27514 
 236 1 1 27720 
 237 1 1 27935 
 238 1 1 28081 
 239 1 0 28367 
 240 1 0 28426 
 241 1 0 28913 
 242 1 0 29077 
 243 1 0 29402 
 244 1 0 29554 
 245 1 0 29855 
 246 1 0 30369 
 247 1 0 30604 
 248 1 0 31181 
 249 1 0 31552 
 250 1 0 32042 
 251 1 0 32627 
 252 1 0 32939 
 253 1 0 33307 
 254 1 0 34077 
 255 1 0 34532 
 256 1 0 34873 
 257 1 0 35402 
 258 1 0 35956 
 259 1 0 36254 
 260 1 0 37751 
 261 1 0 39760 
 262 1 0 41009 
 263 1 0 42830 
 264 1 0 44349 
 265 1 0 45324 
 266 1 0 47275 
 267 1 0 50041 
 268 1 0 51847 
 269 1 0 55045 
 270 1 0 57252 
 271 1 0 58377 
 272 1 0 59886 
 273 1 0 62145 
 274 1 0 64856 
 275 1 0 68600 
 276 1 0 69580 
 277 1 0 71651 
 278 1 0 74367 
 279 1 0 76442 
 280 1 0 78090 
 281 1 0 81542 
 282 1 0 84984 
 283 1 0 87730 
 284 1 0 89560 
 285 1 0 91636 
 286 1 0 92647 
 287 1 0 97830 
 288 1 0 101140 
 289 1 0 102967 
 290 1 0 106665 
 291 1 0 108571 
 292 1 0 110493 
 293 1 0 114331 
 294 1 0 117383 
 295 1 0 120493 
 296 1 0 124072 
 297 1 0 125615 
 298 1 0 129051 
 299 1 0 131622 
 300 1 0 134669 