
 1 271 0 0 
 7 192 1 0 
 10 151 0 1 
 14 113 3 1 
 15 56 3 4 
 19 41 9 6 
 20 32 5 12 
 22 21 6 18 
 25 16 12 36 
 27 13 9 56 
 28 8 8 87 
 29 6 7 120 
 30 4 10 164 
 34 1 6 280 
 36 1 6 350 
 38 1 6 374 
 39 1 4 443 
 40 1 4 466 
 41 1 4 516 
 43 1 3 668 
 45 1 3 724 
 47 1 3 752 
 48 1 3 859 
 49 1 2 998 
 51 1 1 1104 
 53 1 1 1166 
 54 1 1 1408 
 55 1 1 1483 
 57 1 1 1663 
 58 1 1 1767 
 60 1 1 1831 
 61 1 1 1971 
 62 1 1 2121 
 63 1 1 2194 
 64 1 1 2287 
 66 1 1 2428 
 67 1 1 2656 
 68 1 1 2779 
 69 1 1 2860 
 70 1 1 2933 
 71 1 1 3037 
 72 1 1 3121 
 73 1 1 3217 
 74 1 1 3354 
 75 1 1 3541 
 76 1 1 3576 
 77 1 1 3745 
 78 1 1 3846 
 79 1 1 3958 
 80 1 1 3998 
 81 1 1 4279 
 82 1 1 4465 
 83 1 1 4567 
 84 1 1 4685 
 85 1 1 4839 
 86 1 1 4914 
 87 1 1 5176 
 88 1 1 5251 
 89 1 1 5351 
 90 1 1 5556 
 91 1 1 5730 
 93 1 1 5911 
 94 1 1 6035 
 95 1 1 6212 
 96 1 1 6406 
 97 1 1 6502 
 98 1 1 6597 
 99 1 1 6661 
 100 1 1 6835 
 101 1 1 7176 
 102 1 1 7382 
 104 1 1 7525 
 105 1 1 7668 
 106 1 1 7825 
 107 1 1 7937 
 108 1 1 8193 
 109 1 1 8297 
 110 1 1 8412 
 111 1 1 8577 
 112 1 1 8658 
 114 1 1 9069 
 115 1 1 9184 
 116 1 1 9244 
 117 1 1 9467 
 118 1 1 9562 
 119 1 1 9714 
 120 1 1 9819 
 121 1 1 10165 
 122 1 1 10241 
 123 1 1 10599 
 125 1 1 10755 
 126 1 1 10932 
 127 1 1 11147 
 128 1 1 11337 
 129 1 1 11697 
 130 1 1 11869 
 131 1 1 11944 
 132 1 1 12167 
 133 1 1 12310 
 134 1 1 12514 
 135 1 1 12931 
 136 1 1 13041 
 137 1 1 13126 
 138 1 1 13540 
 139 1 1 13653 
 140 1 1 13732 
 141 1 1 13994 
 142 1 1 14317 
 143 1 1 14431 
 144 1 1 14669 
 145 1 1 14779 
 146 1 1 14851 
 147 1 1 15429 
 148 1 1 15574 
 149 1 1 15722 
 150 1 1 16044 
 151 1 1 16182 
 152 1 1 16238 
 153 1 1 16555 
 154 1 1 16915 
 155 1 1 16976 
 156 1 1 17273 
 157 1 1 17494 
 158 1 1 17633 
 159 1 1 17891 
 160 1 1 17953 
 161 1 1 18315 
 162 1 1 18690 
 163 1 1 18947 
 164 1 1 19125 
 165 1 1 19389 
 166 1 1 19578 
 167 1 1 19888 
 168 1 1 20155 
 169 1 1 20373 
 170 1 1 20648 
 171 1 1 20986 
 172 1 1 21039 
 173 1 1 21255 
 174 1 1 21635 
 175 1 1 21997 
 176 1 1 22063 
 177 1 1 22390 
 178 1 1 22728 
 179 1 1 22834 
 180 1 1 23261 
 181 1 1 23525 
 182 1 1 23993 
 183 1 1 24089 
 184 1 1 24420 
 185 1 1 24684 
 186 1 1 24984 
 187 1 1 25132 
 188 1 1 25394 
 189 1 1 25713 
 190 1 1 25934 
 191 1 1 26190 
 192 1 1 26385 
 193 1 1 26528 
 194 1 1 27011 
 195 1 1 27375 
 196 1 1 27429 
 197 1 1 27844 
 198 1 1 28111 
 199 1 1 28501 
 200 1 1 28564 
 201 1 1 29162 
 202 1 1 29296 
 203 1 1 29628 
 204 1 1 29913 
 205 1 1 30124 
 206 1 1 30422 
 207 1 1 30685 
 208 1 1 31091 
 209 1 1 31440 
 210 1 1 31807 
 211 1 1 32099 
 212 1 1 32400 
 213 1 1 32634 
 214 1 1 32994 
 215 1 1 33460 
 216 1 1 33693 
 217 1 1 33895 
 218 1 1 34511 
 219 1 1 34761 
 220 1 1 34955 
 221 1 1 35512 
 222 1 1 35944 
 223 1 1 36288 
 224 1 1 36531 
 225 1 1 36888 
 226 1 1 37088 
 227 1 1 37644 
 228 1 1 38054 
 229 1 1 38342 
 230 1 1 38816 
 231 1 1 39086 
 232 1 1 39564 
 233 1 1 39923 
 234 1 1 40393 
 235 1 1 40840 
 236 1 1 41373 
 237 1 1 41820 
 238 1 1 42018 
 239 1 1 42500 
 240 1 1 42605 
 241 1 1 43382 
 242 1 1 43688 
 243 1 1 44026 
 244 1 1 44113 
 245 1 1 44530 
 246 1 1 45007 
 247 1 1 45351 
 248 1 1 45777 
 249 1 1 46191 
 250 1 1 46603 
 251 1 1 47068 
 252 1 1 47377 
 253 1 1 47784 
 254 1 0 48456 
 255 1 0 48771 
 256 1 0 49361 
 257 1 0 49761 
 258 1 0 50339 
 259 1 0 50597 
 260 1 0 51200 
 261 1 0 52106 
 262 1 0 52748 
 263 1 0 53616 
 264 1 0 54201 
 265 1 0 55027 
 266 1 0 55913 
 267 1 0 57364 
 268 1 0 58209 
 269 1 0 60225 
 270 1 0 61799 
 271 1 0 62513 
 272 1 0 63665 
 273 1 0 65240 
 274 1 0 67384 
 275 1 0 71300 
 276 1 0 71950 
 277 1 0 73456 
 278 1 0 75454 
 279 1 0 77568 
 280 1 0 78786 
 281 1 0 81908 
 282 1 0 84651 
 283 1 0 86485 
 284 1 0 88583 
 285 1 0 89938 
 286 1 0 90695 
 287 1 0 94457 
 288 1 0 96603 
 289 1 0 98820 
 290 1 0 102066 
 291 1 0 103740 
 292 1 0 105270 
 293 1 0 108744 
 294 1 0 111857 
 295 1 0 114311 
 296 1 0 118061 
 297 1 0 119017 
 298 1 0 122386 
 299 1 0 125031 
 300 1 0 127848 