
 1 277 0 0 
 7 190 1 0 
 10 134 0 1 
 14 96 2 3 
 15 60 4 8 
 19 33 7 9 
 20 26 6 13 
 22 15 8 37 
 25 11 10 62 
 27 8 11 82 
 28 5 11 117 
 29 5 5 148 
 30 4 5 214 
 34 1 1 394 
 36 1 2 468 
 38 1 2 505 
 39 1 3 595 
 40 1 3 644 
 41 1 3 725 
 43 1 4 914 
 45 1 4 1000 
 47 1 3 1054 
 48 1 2 1214 
 49 1 2 1478 
 51 1 2 1575 
 53 1 3 1669 
 54 1 2 1924 
 55 1 2 2033 
 57 1 1 2200 
 58 1 1 2293 
 60 1 1 2407 
 61 1 1 2571 
 62 1 1 2785 
 63 1 1 2884 
 64 1 1 2960 
 66 1 1 3106 
 67 1 1 3385 
 68 1 1 3467 
 69 1 1 3560 
 70 1 1 3640 
 71 1 1 3748 
 72 1 1 3823 
 73 1 1 3916 
 74 1 1 4047 
 75 1 1 4245 
 76 1 1 4311 
 77 1 1 4501 
 78 1 1 4592 
 79 1 1 4650 
 80 1 1 4713 
 81 1 1 4973 
 82 1 1 5141 
 83 1 1 5281 
 84 1 1 5355 
 85 1 1 5467 
 86 1 1 5553 
 87 1 1 5845 
 88 1 1 5937 
 89 1 1 6029 
 90 1 1 6178 
 91 1 1 6342 
 93 1 1 6475 
 94 1 1 6550 
 95 1 1 6756 
 96 1 1 6913 
 97 1 1 6986 
 98 1 1 7045 
 99 1 1 7099 
 100 1 1 7246 
 101 1 1 7462 
 102 1 1 7675 
 104 1 1 7776 
 105 1 1 7946 
 106 1 1 8087 
 107 1 1 8180 
 108 1 1 8421 
 109 1 1 8586 
 110 1 1 8743 
 111 1 1 8887 
 112 1 1 8942 
 114 1 1 9256 
 115 1 1 9368 
 116 1 1 9427 
 117 1 1 9603 
 118 1 1 9650 
 119 1 1 9803 
 120 1 1 9854 
 121 1 1 10142 
 122 1 1 10225 
 123 1 1 10521 
 125 1 1 10607 
 126 1 1 10716 
 127 1 1 10853 
 128 1 1 10988 
 129 1 1 11318 
 130 1 1 11471 
 131 1 1 11579 
 132 1 1 11728 
 133 1 1 11856 
 134 1 1 12069 
 135 1 1 12351 
 136 1 1 12407 
 137 1 1 12459 
 138 1 1 12683 
 139 1 1 12764 
 140 1 1 12824 
 141 1 1 13113 
 142 1 1 13355 
 143 1 1 13477 
 144 1 1 13632 
 145 1 1 13694 
 146 1 1 13737 
 147 1 1 14058 
 148 1 1 14233 
 149 1 1 14332 
 150 1 1 14550 
 151 1 1 14645 
 152 1 1 14716 
 153 1 1 14965 
 154 1 1 15237 
 155 1 1 15283 
 156 1 1 15442 
 157 1 1 15629 
 158 1 1 15691 
 159 1 1 15844 
 160 1 1 15950 
 161 1 1 16244 
 162 1 1 16507 
 163 1 1 16627 
 164 1 1 16739 
 165 1 1 16927 
 166 1 1 17087 
 167 1 1 17228 
 168 1 1 17494 
 169 1 1 17659 
 170 1 1 17849 
 171 1 1 17971 
 172 1 1 18031 
 173 1 1 18122 
 174 1 1 18477 
 175 1 1 18696 
 176 1 1 18783 
 177 1 1 19024 
 178 1 1 19178 
 179 1 1 19241 
 180 1 1 19449 
 181 1 1 19607 
 182 1 1 19843 
 183 1 1 19926 
 184 1 1 20160 
 185 1 1 20357 
 186 1 1 20641 
 187 1 1 20715 
 188 1 1 20929 
 189 1 1 21168 
 190 1 1 21308 
 191 1 1 21506 
 192 1 1 21657 
 193 1 1 21786 
 194 1 1 22081 
 195 1 1 22348 
 196 1 1 22423 
 197 1 1 22643 
 198 1 1 22798 
 199 1 1 23042 
 200 1 1 23136 
 201 1 1 23527 
 202 1 1 23670 
 203 1 1 23899 
 204 1 1 24107 
 205 1 1 24234 
 206 1 1 24504 
 207 1 1 24711 
 208 1 1 24997 
 209 1 1 25224 
 210 1 1 25438 
 211 1 1 25602 
 212 1 1 25775 
 213 1 1 25940 
 214 1 1 26224 
 215 1 1 26488 
 216 1 1 26666 
 217 1 1 26756 
 218 1 1 27096 
 219 1 1 27253 
 220 1 1 27395 
 221 1 1 27723 
 222 1 1 28012 
 223 1 1 28187 
 224 1 1 28366 
 225 1 1 28647 
 226 1 0 28780 
 227 1 0 29217 
 228 1 0 29545 
 229 1 0 29781 
 230 1 0 30049 
 231 1 0 30198 
 232 1 0 30572 
 233 1 0 30885 
 234 1 0 31261 
 235 1 0 31697 
 236 1 0 31964 
 237 1 0 32319 
 238 1 0 32490 
 239 1 0 32861 
 240 1 0 32946 
 241 1 0 34108 
 242 1 0 34981 
 243 1 0 35617 
 244 1 0 35748 
 245 1 0 36984 
 246 1 0 37758 
 247 1 0 38529 
 248 1 0 39958 
 249 1 0 41429 
 250 1 0 42791 
 251 1 0 44394 
 252 1 0 45118 
 253 1 0 45749 
 254 1 0 48077 
 255 1 0 49303 
 256 1 0 51465 
 257 1 0 53234 
 258 1 0 54910 
 259 1 0 55806 
 260 1 0 58398 
 261 1 0 60532 
 262 1 0 62543 
 263 1 0 64795 
 264 1 0 66592 
 265 1 0 68336 
 266 1 0 70699 
 267 1 0 73553 
 268 1 0 75221 
 269 1 0 78329 
 270 1 0 80030 
 271 1 0 81458 
 272 1 0 83309 
 273 1 0 85765 
 274 1 0 89445 
 275 1 0 95278 
 276 1 0 96326 
 277 1 0 98616 
 278 1 0 102067 
 279 1 0 105348 
 280 1 0 106818 
 281 1 0 111068 
 282 1 0 114605 
 283 1 0 117325 
 284 1 0 120293 
 285 1 0 123086 
 286 1 0 124247 
 287 1 0 129952 
 288 1 0 133905 
 289 1 0 135364 
 290 1 0 139774 
 291 1 0 141753 
 292 1 0 143879 
 293 1 0 148066 
 294 1 0 151748 
 295 1 0 155396 
 296 1 0 160423 
 297 1 0 162405 
 298 1 0 166954 
 299 1 0 169459 
 300 1 0 173888 