
 1 282 0 0 
 7 209 1 0 
 10 160 2 1 
 14 114 2 4 
 15 58 4 10 
 19 38 9 17 
 20 28 9 20 
 22 19 17 31 
 25 9 17 48 
 27 8 14 61 
 28 5 13 96 
 29 4 9 117 
 30 2 7 179 
 34 1 6 392 
 36 1 6 473 
 38 1 5 510 
 39 1 5 607 
 40 1 4 648 
 41 1 3 748 
 43 1 1 986 
 45 1 1 1090 
 47 1 1 1152 
 48 1 1 1289 
 49 1 1 1549 
 51 1 1 1675 
 53 1 1 1773 
 54 1 1 2158 
 55 1 1 2279 
 57 1 1 2457 
 58 1 1 2568 
 60 1 1 2699 
 61 1 1 2858 
 62 1 1 3131 
 63 1 1 3267 
 64 1 1 3378 
 66 1 1 3540 
 67 1 1 3852 
 68 1 1 3972 
 69 1 1 4077 
 70 1 1 4208 
 71 1 1 4335 
 72 1 1 4477 
 73 1 1 4601 
 74 1 1 4785 
 75 1 1 5047 
 76 1 1 5113 
 77 1 1 5343 
 78 1 1 5453 
 79 1 1 5576 
 80 1 1 5615 
 81 1 1 5961 
 82 1 1 6205 
 83 1 1 6293 
 84 1 1 6440 
 85 1 1 6626 
 86 1 1 6728 
 87 1 1 7086 
 88 1 1 7186 
 89 1 1 7252 
 90 1 1 7491 
 91 1 1 7725 
 93 1 1 7930 
 94 1 1 8116 
 95 1 1 8386 
 96 1 1 8600 
 97 1 1 8669 
 98 1 1 8747 
 99 1 1 8871 
 100 1 1 9105 
 101 1 1 9463 
 102 1 1 9794 
 104 1 1 9946 
 105 1 1 10112 
 106 1 1 10323 
 107 1 1 10448 
 108 1 1 10780 
 109 1 1 10936 
 110 1 1 11085 
 111 1 1 11286 
 112 1 1 11421 
 114 1 1 11875 
 115 1 1 12053 
 116 1 1 12144 
 117 1 1 12440 
 118 1 1 12529 
 119 1 1 12698 
 120 1 1 12775 
 121 1 1 13138 
 122 1 1 13219 
 123 1 1 13660 
 125 1 1 13850 
 126 1 1 14015 
 127 1 1 14195 
 128 1 1 14381 
 129 1 1 14790 
 130 1 1 14978 
 131 1 1 15060 
 132 1 1 15370 
 133 1 1 15528 
 134 1 1 15804 
 135 1 1 16211 
 136 1 1 16294 
 137 1 1 16350 
 138 1 1 16718 
 139 1 1 16812 
 140 1 1 16878 
 141 1 1 17335 
 142 1 1 17639 
 143 1 1 17752 
 144 1 1 18030 
 145 1 1 18122 
 146 1 1 18195 
 147 1 1 18711 
 148 1 1 18837 
 149 1 1 18949 
 150 1 1 19288 
 151 1 1 19457 
 152 1 1 19530 
 153 1 1 19978 
 154 1 1 20322 
 155 1 1 20417 
 156 1 1 20764 
 157 1 1 21102 
 158 1 1 21236 
 159 1 1 21521 
 160 1 1 21658 
 161 1 1 21987 
 162 1 1 22339 
 163 1 1 22607 
 164 1 1 22826 
 165 1 1 23148 
 166 1 1 23330 
 167 1 1 23613 
 168 1 1 23891 
 169 1 1 24170 
 170 1 1 24506 
 171 1 1 24830 
 172 1 1 24918 
 173 1 1 25074 
 174 1 1 25553 
 175 1 1 25849 
 176 1 1 25935 
 177 1 1 26257 
 178 1 1 26485 
 179 1 1 26568 
 180 1 1 26959 
 181 1 1 27207 
 182 1 1 27616 
 183 1 1 27709 
 184 1 1 28043 
 185 1 1 28221 
 186 1 1 28570 
 187 1 1 28784 
 188 1 1 29116 
 189 1 1 29476 
 190 1 1 29690 
 191 1 1 29981 
 192 1 1 30109 
 193 1 1 30237 
 194 1 1 30673 
 195 1 1 31078 
 196 1 1 31163 
 197 1 1 31595 
 198 1 1 31792 
 199 1 1 32116 
 200 1 1 32196 
 201 1 1 32830 
 202 1 1 32975 
 203 1 1 33348 
 204 1 1 33636 
 205 1 1 33779 
 206 1 1 34195 
 207 1 1 34507 
 208 1 1 34849 
 209 1 1 35217 
 210 1 1 35550 
 211 1 1 35784 
 212 1 1 36044 
 213 1 1 36318 
 214 1 1 36831 
 215 1 1 37240 
 216 1 1 37405 
 217 1 1 37508 
 218 1 1 37965 
 219 1 1 38293 
 220 1 1 38457 
 221 1 1 38957 
 222 1 1 39373 
 223 1 1 39610 
 224 1 1 39823 
 225 1 1 40112 
 226 1 1 40241 
 227 1 1 40747 
 228 1 1 41166 
 229 1 1 41466 
 230 1 1 41867 
 231 1 1 42007 
 232 1 1 42373 
 233 1 1 42751 
 234 1 1 43172 
 235 1 1 43646 
 236 1 1 44081 
 237 1 1 44495 
 238 1 1 44634 
 239 1 1 44953 
 240 1 1 45023 
 241 1 1 45845 
 242 1 1 46155 
 243 1 0 46614 
 244 1 0 46798 
 245 1 0 47679 
 246 1 0 48243 
 247 1 0 48805 
 248 1 0 50142 
 249 1 0 51188 
 250 1 0 52236 
 251 1 0 53281 
 252 1 0 53887 
 253 1 0 54532 
 254 1 0 56869 
 255 1 0 58241 
 256 1 0 60048 
 257 1 0 61674 
 258 1 0 63243 
 259 1 0 63724 
 260 1 0 65705 
 261 1 0 68734 
 262 1 0 70867 
 263 1 0 73247 
 264 1 0 75307 
 265 1 0 76724 
 266 1 0 79471 
 267 1 0 83327 
 268 1 0 84993 
 269 1 0 88061 
 270 1 0 90402 
 271 1 0 92363 
 272 1 0 94732 
 273 1 0 96871 
 274 1 0 100577 
 275 1 0 105608 
 276 1 0 106766 
 277 1 0 109161 
 278 1 0 111791 
 279 1 0 114731 
 280 1 0 116672 
 281 1 0 120915 
 282 1 0 124608 
 283 1 0 127028 
 284 1 0 130203 
 285 1 0 132930 
 286 1 0 133683 
 287 1 0 139520 
 288 1 0 143127 
 289 1 0 145211 
 290 1 0 148875 
 291 1 0 150463 
 292 1 0 151947 
 293 1 0 156447 
 294 1 0 160534 
 295 1 0 163513 
 296 1 0 167059 
 297 1 0 168783 
 298 1 0 173997 
 299 1 0 176860 
 300 1 0 180459 