
 1 278 0 0 
 7 198 0 0 
 10 144 2 0 
 14 103 2 2 
 15 58 4 7 
 19 45 11 9 
 20 32 8 17 
 22 21 8 32 
 25 12 7 59 
 27 10 4 81 
 28 6 10 130 
 29 5 8 152 
 30 5 7 191 
 34 2 7 332 
 36 2 7 396 
 38 2 7 441 
 39 2 5 495 
 40 2 4 526 
 41 2 3 599 
 43 2 2 749 
 45 2 2 827 
 47 2 2 884 
 48 2 1 1046 
 49 1 1 1243 
 51 1 1 1326 
 53 1 1 1428 
 54 1 1 1678 
 55 1 1 1810 
 57 1 1 1937 
 58 1 1 2063 
 60 1 1 2159 
 61 1 1 2298 
 62 1 1 2529 
 63 1 1 2631 
 64 1 1 2711 
 66 1 1 2852 
 67 1 1 3089 
 68 1 1 3192 
 69 1 1 3250 
 70 1 1 3322 
 71 1 1 3385 
 72 1 1 3479 
 73 1 1 3559 
 74 1 1 3693 
 75 1 1 3880 
 76 1 1 3928 
 77 1 1 4070 
 78 1 1 4147 
 79 1 1 4238 
 80 1 1 4277 
 81 1 1 4501 
 82 1 1 4699 
 83 1 1 4809 
 84 1 1 4896 
 85 1 1 4986 
 86 1 1 5070 
 87 1 1 5414 
 88 1 1 5515 
 89 1 1 5614 
 90 1 1 5788 
 91 1 1 5933 
 93 1 1 6080 
 94 1 1 6175 
 95 1 1 6313 
 96 1 1 6532 
 97 1 1 6607 
 98 1 1 6678 
 99 1 1 6782 
 100 1 1 6955 
 101 1 1 7191 
 102 1 1 7457 
 104 1 1 7585 
 105 1 1 7688 
 106 1 1 7853 
 107 1 1 8003 
 108 1 1 8229 
 109 1 1 8348 
 110 1 1 8461 
 111 1 1 8573 
 112 1 1 8624 
 114 1 1 8954 
 115 1 1 9078 
 116 1 1 9141 
 117 1 1 9367 
 118 1 1 9439 
 119 1 1 9575 
 120 1 1 9657 
 121 1 1 9991 
 122 1 1 10074 
 123 1 1 10367 
 125 1 1 10468 
 126 1 1 10610 
 127 1 1 10786 
 128 1 1 10924 
 129 1 1 11256 
 130 1 1 11388 
 131 1 1 11443 
 132 1 1 11590 
 133 1 1 11696 
 134 1 1 11934 
 135 1 1 12176 
 136 1 1 12254 
 137 1 1 12315 
 138 1 1 12552 
 139 1 1 12602 
 140 1 1 12636 
 141 1 1 12902 
 142 1 1 13106 
 143 1 1 13214 
 144 1 1 13419 
 145 1 1 13468 
 146 1 1 13505 
 147 1 1 13851 
 148 1 1 13934 
 149 1 1 14063 
 150 1 1 14301 
 151 1 1 14370 
 152 1 1 14425 
 153 1 1 14605 
 154 1 1 14868 
 155 1 1 14921 
 156 1 1 15158 
 157 1 1 15316 
 158 1 1 15369 
 159 1 1 15545 
 160 1 1 15636 
 161 1 1 15867 
 162 1 1 16097 
 163 1 1 16281 
 164 1 1 16354 
 165 1 1 16499 
 166 1 1 16573 
 167 1 1 16784 
 168 1 1 17053 
 169 1 1 17225 
 170 1 1 17396 
 171 1 1 17543 
 172 1 1 17584 
 173 1 1 17685 
 174 1 1 17969 
 175 1 1 18187 
 176 1 1 18245 
 177 1 1 18461 
 178 1 1 18622 
 179 1 1 18682 
 180 1 1 18924 
 181 1 1 19086 
 182 1 1 19363 
 183 1 1 19405 
 184 1 1 19679 
 185 1 1 19784 
 186 1 1 20021 
 187 1 1 20163 
 188 1 1 20422 
 189 1 1 20604 
 190 1 1 20747 
 191 1 1 20947 
 192 1 1 21063 
 193 1 1 21173 
 194 1 1 21473 
 195 1 1 21685 
 196 1 1 21734 
 197 1 1 22018 
 198 1 1 22160 
 199 1 1 22342 
 200 1 1 22379 
 201 1 1 22799 
 202 1 1 22905 
 203 1 1 23153 
 204 1 1 23358 
 205 1 1 23435 
 206 1 1 23694 
 207 1 1 23930 
 208 1 1 24176 
 209 1 1 24407 
 210 1 1 24625 
 211 1 1 24772 
 212 1 1 24936 
 213 1 1 25093 
 214 1 1 25448 
 215 1 1 25746 
 216 1 1 25890 
 217 1 1 25965 
 218 1 1 26268 
 219 1 1 26460 
 220 1 1 26572 
 221 1 1 27106 
 222 1 1 27418 
 223 1 1 27573 
 224 1 1 27703 
 225 1 1 27925 
 226 1 1 28056 
 227 1 1 28402 
 228 1 1 28732 
 229 1 1 28922 
 230 1 0 29267 
 231 1 0 29392 
 232 1 0 29690 
 233 1 0 29919 
 234 1 0 30250 
 235 1 0 30550 
 236 1 0 30804 
 237 1 0 31101 
 238 1 0 31240 
 239 1 0 31530 
 240 1 0 31620 
 241 1 0 32145 
 242 1 0 32412 
 243 1 0 32687 
 244 1 0 32753 
 245 1 0 33030 
 246 1 0 33352 
 247 1 0 33597 
 248 1 0 33960 
 249 1 0 34284 
 250 1 0 34565 
 251 1 0 34859 
 252 1 0 35065 
 253 1 0 35267 
 254 1 0 35785 
 255 1 0 36036 
 256 1 0 36417 
 257 1 0 36699 
 258 1 0 37313 
 259 1 0 37462 
 260 1 0 38183 
 261 1 0 39325 
 262 1 0 39934 
 263 1 0 40724 
 264 1 0 41158 
 265 1 0 41609 
 266 1 0 42505 
 267 1 0 44865 
 268 1 0 46126 
 269 1 0 47191 
 270 1 0 47989 
 271 1 0 48618 
 272 1 0 49826 
 273 1 0 51043 
 274 1 0 54569 
 275 1 0 58561 
 276 1 0 59520 
 277 1 0 61525 
 278 1 0 64227 
 279 1 0 66895 
 280 1 0 68317 
 281 1 0 73650 
 282 1 0 77606 
 283 1 0 80598 
 284 1 0 83218 
 285 1 0 85417 
 286 1 0 86747 
 287 1 0 93476 
 288 1 0 98072 
 289 1 0 101329 
 290 1 0 106550 
 291 1 0 108151 
 292 1 0 110758 
 293 1 0 116640 
 294 1 0 121611 
 295 1 0 126817 
 296 1 0 132868 
 297 1 0 134857 
 298 1 0 140671 
 299 1 0 145093 
 300 1 0 150661 