
 1 273 0 0 
 7 197 1 0 
 10 141 1 1 
 14 100 2 3 
 15 51 1 7 
 19 28 9 8 
 20 18 5 13 
 22 10 9 36 
 25 3 12 67 
 27 2 11 89 
 28 2 12 123 
 29 2 10 142 
 30 2 10 203 
 34 1 3 351 
 36 1 2 420 
 38 1 2 449 
 39 1 2 545 
 40 1 1 586 
 41 1 1 660 
 43 1 1 842 
 45 1 1 938 
 47 1 1 989 
 48 1 1 1132 
 49 1 1 1333 
 51 1 1 1411 
 53 1 1 1500 
 54 1 1 1740 
 55 1 1 1833 
 57 1 1 2001 
 58 1 1 2075 
 60 1 1 2170 
 61 1 1 2331 
 62 1 1 2531 
 63 1 1 2635 
 64 1 1 2753 
 66 1 1 2860 
 67 1 1 3068 
 68 1 1 3159 
 69 1 1 3245 
 70 1 1 3327 
 71 1 1 3402 
 72 1 1 3446 
 73 1 1 3517 
 74 1 1 3635 
 75 1 1 3796 
 76 1 1 3831 
 77 1 1 3989 
 78 1 1 4063 
 79 1 1 4114 
 80 1 1 4161 
 81 1 1 4391 
 82 1 1 4574 
 83 1 1 4649 
 84 1 1 4717 
 85 1 1 4811 
 86 1 1 4886 
 87 1 1 5176 
 88 1 1 5236 
 89 1 1 5298 
 90 1 1 5409 
 91 1 1 5506 
 93 1 1 5614 
 94 1 1 5719 
 95 1 1 5869 
 96 1 1 5995 
 97 1 1 6045 
 98 1 1 6112 
 99 1 1 6187 
 100 1 1 6334 
 101 1 1 6608 
 102 1 1 6802 
 104 1 1 6871 
 105 1 1 7042 
 106 1 1 7212 
 107 1 1 7296 
 108 1 1 7580 
 109 1 1 7720 
 110 1 1 7875 
 111 1 1 8046 
 112 1 1 8098 
 114 1 1 8440 
 115 1 1 8558 
 116 1 1 8623 
 117 1 1 8825 
 118 1 1 8892 
 119 1 1 9035 
 120 1 1 9127 
 121 1 1 9474 
 122 1 1 9512 
 123 1 1 9812 
 125 1 1 9995 
 126 1 1 10115 
 127 1 1 10325 
 128 1 1 10528 
 129 1 1 10889 
 130 1 1 11045 
 131 1 1 11159 
 132 1 1 11343 
 133 1 1 11517 
 134 1 1 11714 
 135 1 1 11985 
 136 1 1 12025 
 137 1 1 12109 
 138 1 1 12335 
 139 1 1 12396 
 140 1 1 12469 
 141 1 1 12721 
 142 1 1 12945 
 143 1 1 13109 
 144 1 1 13338 
 145 1 1 13445 
 146 1 1 13480 
 147 1 1 13960 
 148 1 1 14068 
 149 1 1 14232 
 150 1 1 14520 
 151 1 1 14616 
 152 1 1 14702 
 153 1 1 15023 
 154 1 1 15255 
 155 1 1 15305 
 156 1 1 15614 
 157 1 1 15815 
 158 1 1 15883 
 159 1 1 16034 
 160 1 1 16126 
 161 1 1 16318 
 162 1 1 16538 
 163 1 1 16731 
 164 1 1 16855 
 165 1 1 17066 
 166 1 1 17214 
 167 1 1 17442 
 168 1 1 17685 
 169 1 1 17863 
 170 1 1 18098 
 171 1 1 18306 
 172 1 1 18422 
 173 1 1 18618 
 174 1 1 18914 
 175 1 1 19230 
 176 1 1 19272 
 177 1 1 19546 
 178 1 1 19803 
 179 1 1 19865 
 180 1 1 20222 
 181 1 1 20405 
 182 1 1 20747 
 183 1 1 20827 
 184 1 1 21114 
 185 1 1 21336 
 186 1 1 21645 
 187 1 1 21802 
 188 1 1 22017 
 189 1 1 22355 
 190 1 1 22592 
 191 1 1 22785 
 192 1 1 22933 
 193 1 1 23078 
 194 1 1 23487 
 195 1 1 23921 
 196 1 1 23986 
 197 1 1 24299 
 198 1 1 24510 
 199 1 1 24755 
 200 1 1 24833 
 201 1 1 25300 
 202 1 1 25426 
 203 1 1 25728 
 204 1 1 26090 
 205 1 1 26259 
 206 1 1 26596 
 207 1 1 26909 
 208 1 1 27170 
 209 1 1 27518 
 210 1 1 27782 
 211 1 1 27954 
 212 1 1 28161 
 213 1 1 28417 
 214 1 1 28886 
 215 1 1 29266 
 216 1 1 29515 
 217 1 1 29688 
 218 1 0 30326 
 219 1 0 30654 
 220 1 0 30967 
 221 1 0 31574 
 222 1 0 32000 
 223 1 0 32736 
 224 1 0 33191 
 225 1 0 33839 
 226 1 0 34214 
 227 1 0 35048 
 228 1 0 35974 
 229 1 0 36401 
 230 1 0 37537 
 231 1 0 37758 
 232 1 0 38807 
 233 1 0 39589 
 234 1 0 40333 
 235 1 0 41806 
 236 1 0 43060 
 237 1 0 44417 
 238 1 0 44852 
 239 1 0 46131 
 240 1 0 46557 
 241 1 0 49262 
 242 1 0 50194 
 243 1 0 51803 
 244 1 0 51957 
 245 1 0 53587 
 246 1 0 55570 
 247 1 0 56559 
 248 1 0 58340 
 249 1 0 60162 
 250 1 0 61523 
 251 1 0 63140 
 252 1 0 64185 
 253 1 0 65218 
 254 1 0 67901 
 255 1 0 69442 
 256 1 0 71338 
 257 1 0 72444 
 258 1 0 74387 
 259 1 0 75059 
 260 1 0 77275 
 261 1 0 79912 
 262 1 0 81489 
 263 1 0 83200 
 264 1 0 84515 
 265 1 0 86260 
 266 1 0 88028 
 267 1 0 90974 
 268 1 0 92515 
 269 1 0 95437 
 270 1 0 97708 
 271 1 0 98783 
 272 1 0 99679 
 273 1 0 101746 
 274 1 0 105151 
 275 1 0 108911 
 276 1 0 110097 
 277 1 0 112786 
 278 1 0 114274 
 279 1 0 116389 
 280 1 0 117552 
 281 1 0 122024 
 282 1 0 124931 
 283 1 0 127751 
 284 1 0 129992 
 285 1 0 132108 
 286 1 0 133081 
 287 1 0 137852 
 288 1 0 140931 
 289 1 0 143284 
 290 1 0 146431 
 291 1 0 147888 
 292 1 0 150024 
 293 1 0 153445 
 294 1 0 157693 
 295 1 0 161008 
 296 1 0 163911 
 297 1 0 165687 
 298 1 0 169298 
 299 1 0 171958 
 300 1 0 175267 