
 1 279 0 0 
 7 187 3 0 
 10 158 0 3 
 14 117 0 5 
 15 63 1 9 
 19 49 6 11 
 20 36 3 13 
 22 19 12 22 
 25 10 17 34 
 27 9 16 46 
 28 7 12 69 
 29 7 7 93 
 30 3 5 131 
 34 1 6 281 
 36 1 7 339 
 38 1 7 371 
 39 1 8 439 
 40 1 6 467 
 41 1 5 541 
 43 1 3 714 
 45 1 3 803 
 47 1 3 874 
 48 1 1 1058 
 49 1 2 1263 
 51 1 2 1347 
 53 1 2 1442 
 54 1 1 1664 
 55 1 1 1779 
 57 1 1 1942 
 58 1 1 2045 
 60 1 1 2124 
 61 1 1 2227 
 62 1 1 2429 
 63 1 1 2512 
 64 1 1 2597 
 66 1 1 2734 
 67 1 1 3018 
 68 1 1 3118 
 69 1 1 3206 
 70 1 1 3291 
 71 1 1 3382 
 72 1 1 3495 
 73 1 1 3587 
 74 1 1 3703 
 75 1 1 3845 
 76 1 1 3887 
 77 1 1 4035 
 78 1 1 4114 
 79 1 1 4198 
 80 1 1 4232 
 81 1 1 4468 
 82 1 1 4629 
 83 1 1 4713 
 84 1 1 4811 
 85 1 1 4977 
 86 1 1 5065 
 87 1 1 5289 
 88 1 1 5349 
 89 1 1 5412 
 90 1 1 5579 
 91 1 1 5762 
 93 1 1 5892 
 94 1 1 5990 
 95 1 1 6221 
 96 1 1 6357 
 97 1 1 6430 
 98 1 1 6493 
 99 1 1 6571 
 100 1 1 6755 
 101 1 1 6985 
 102 1 1 7211 
 104 1 1 7344 
 105 1 1 7489 
 106 1 1 7679 
 107 1 1 7799 
 108 1 1 8031 
 109 1 1 8187 
 110 1 1 8353 
 111 1 1 8523 
 112 1 1 8581 
 114 1 1 8887 
 115 1 1 9015 
 116 1 1 9063 
 117 1 1 9253 
 118 1 1 9318 
 119 1 1 9428 
 120 1 1 9491 
 121 1 1 9751 
 122 1 1 9774 
 123 1 1 10064 
 125 1 1 10232 
 126 1 1 10358 
 127 1 1 10521 
 128 1 1 10633 
 129 1 1 10923 
 130 1 1 11029 
 131 1 1 11129 
 132 1 1 11295 
 133 1 1 11422 
 134 1 1 11655 
 135 1 1 11891 
 136 1 1 11944 
 137 1 1 12008 
 138 1 1 12251 
 139 1 1 12303 
 140 1 1 12378 
 141 1 1 12635 
 142 1 1 12895 
 143 1 1 12997 
 144 1 1 13179 
 145 1 1 13224 
 146 1 1 13264 
 147 1 1 13554 
 148 1 1 13708 
 149 1 1 13785 
 150 1 1 14005 
 151 1 1 14116 
 152 1 1 14153 
 153 1 1 14419 
 154 1 1 14699 
 155 1 1 14753 
 156 1 1 15062 
 157 1 1 15244 
 158 1 1 15272 
 159 1 1 15468 
 160 1 1 15562 
 161 1 1 15796 
 162 1 1 16051 
 163 1 1 16205 
 164 1 1 16322 
 165 1 1 16541 
 166 1 1 16642 
 167 1 1 16890 
 168 1 1 17172 
 169 1 1 17342 
 170 1 1 17585 
 171 1 1 17740 
 172 1 1 17822 
 173 1 1 17932 
 174 1 1 18265 
 175 1 1 18419 
 176 1 1 18471 
 177 1 1 18724 
 178 1 1 18860 
 179 1 1 18945 
 180 1 1 19243 
 181 1 1 19409 
 182 1 1 19658 
 183 1 1 19748 
 184 1 1 20013 
 185 1 1 20183 
 186 1 1 20456 
 187 1 1 20599 
 188 1 1 20904 
 189 1 1 21130 
 190 1 1 21376 
 191 1 1 21554 
 192 1 1 21669 
 193 1 1 21797 
 194 1 1 22099 
 195 1 1 22354 
 196 1 1 22409 
 197 1 1 22702 
 198 1 1 22854 
 199 1 1 23065 
 200 1 1 23126 
 201 1 1 23571 
 202 1 1 23689 
 203 1 1 23914 
 204 1 1 24148 
 205 1 1 24306 
 206 1 1 24482 
 207 1 1 24690 
 208 1 1 24957 
 209 1 1 25175 
 210 1 1 25396 
 211 1 1 25582 
 212 1 1 25772 
 213 1 1 25911 
 214 1 1 26242 
 215 1 1 26459 
 216 1 1 26666 
 217 1 1 26722 
 218 1 1 27087 
 219 1 1 27261 
 220 1 1 27359 
 221 1 1 27754 
 222 1 1 28036 
 223 1 1 28246 
 224 1 1 28432 
 225 1 1 28686 
 226 1 1 28767 
 227 1 1 29147 
 228 1 1 29452 
 229 1 1 29596 
 230 1 1 29822 
 231 1 1 29972 
 232 1 1 30200 
 233 1 1 30488 
 234 1 1 30726 
 235 1 1 31130 
 236 1 1 31412 
 237 1 0 31839 
 238 1 0 31949 
 239 1 0 32316 
 240 1 0 32374 
 241 1 0 32866 
 242 1 0 33162 
 243 1 0 33527 
 244 1 0 33633 
 245 1 0 34003 
 246 1 0 34333 
 247 1 0 34527 
 248 1 0 34976 
 249 1 0 35422 
 250 1 0 35839 
 251 1 0 36203 
 252 1 0 36359 
 253 1 0 36529 
 254 1 0 37423 
 255 1 0 37798 
 256 1 0 38603 
 257 1 0 39173 
 258 1 0 39922 
 259 1 0 40162 
 260 1 0 40956 
 261 1 0 42139 
 262 1 0 42823 
 263 1 0 43516 
 264 1 0 44293 
 265 1 0 45114 
 266 1 0 45923 
 267 1 0 47809 
 268 1 0 48889 
 269 1 0 50242 
 270 1 0 51547 
 271 1 0 52734 
 272 1 0 53879 
 273 1 0 54716 
 274 1 0 56937 
 275 1 0 59355 
 276 1 0 60208 
 277 1 0 61625 
 278 1 0 63679 
 279 1 0 65365 
 280 1 0 66451 
 281 1 0 68922 
 282 1 0 71202 
 283 1 0 73317 
 284 1 0 75134 
 285 1 0 76480 
 286 1 0 77340 
 287 1 0 80998 
 288 1 0 83291 
 289 1 0 85171 
 290 1 0 87299 
 291 1 0 88811 
 292 1 0 89893 
 293 1 0 93353 
 294 1 0 96073 
 295 1 0 98710 
 296 1 0 101743 
 297 1 0 103419 
 298 1 0 107021 
 299 1 0 109044 
 300 1 0 111762 