
 1 282 0 0 
 7 202 1 0 
 10 141 0 1 
 14 97 3 1 
 15 47 4 7 
 19 36 11 10 
 20 26 6 14 
 22 12 11 29 
 25 11 9 48 
 27 9 8 60 
 28 7 8 102 
 29 5 6 130 
 30 5 4 175 
 34 1 4 322 
 36 1 2 427 
 38 1 2 468 
 39 1 3 548 
 40 1 3 608 
 41 1 3 708 
 43 1 2 907 
 45 1 2 1030 
 47 1 2 1067 
 48 1 1 1245 
 49 1 1 1479 
 51 1 1 1603 
 53 1 1 1669 
 54 1 1 1938 
 55 1 1 2046 
 57 1 1 2200 
 58 1 1 2298 
 60 1 1 2415 
 61 1 1 2588 
 62 1 1 2799 
 63 1 1 2890 
 64 1 1 3010 
 66 1 1 3157 
 67 1 1 3395 
 68 1 1 3544 
 69 1 1 3627 
 70 1 1 3707 
 71 1 1 3800 
 72 1 1 3895 
 73 1 1 3999 
 74 1 1 4174 
 75 1 1 4408 
 76 1 1 4444 
 77 1 1 4626 
 78 1 1 4700 
 79 1 1 4798 
 80 1 1 4866 
 81 1 1 5100 
 82 1 1 5261 
 83 1 1 5373 
 84 1 1 5454 
 85 1 1 5589 
 86 1 1 5673 
 87 1 1 6022 
 88 1 1 6154 
 89 1 1 6256 
 90 1 1 6391 
 91 1 1 6592 
 93 1 1 6790 
 94 1 1 6986 
 95 1 1 7191 
 96 1 1 7378 
 97 1 1 7435 
 98 1 1 7545 
 99 1 1 7615 
 100 1 1 7761 
 101 1 1 8088 
 102 1 1 8332 
 104 1 1 8466 
 105 1 1 8624 
 106 1 1 8786 
 107 1 1 8935 
 108 1 1 9179 
 109 1 1 9395 
 110 1 1 9551 
 111 1 1 9701 
 112 1 1 9797 
 114 1 1 10232 
 115 1 1 10401 
 116 1 1 10489 
 117 1 1 10690 
 118 1 1 10744 
 119 1 1 10843 
 120 1 1 10919 
 121 1 1 11329 
 122 1 1 11400 
 123 1 1 11728 
 125 1 1 11907 
 126 1 1 12023 
 127 1 1 12281 
 128 1 1 12449 
 129 1 1 12749 
 130 1 1 12933 
 131 1 1 13039 
 132 1 1 13149 
 133 1 1 13309 
 134 1 1 13620 
 135 1 1 13922 
 136 1 1 14028 
 137 1 1 14104 
 138 1 1 14414 
 139 1 1 14469 
 140 1 1 14562 
 141 1 1 14936 
 142 1 1 15190 
 143 1 1 15361 
 144 1 1 15607 
 145 1 1 15652 
 146 1 1 15745 
 147 1 1 16131 
 148 1 1 16282 
 149 1 1 16465 
 150 1 1 16837 
 151 1 1 16989 
 152 1 1 17031 
 153 1 1 17362 
 154 1 1 17805 
 155 1 1 17921 
 156 1 1 18261 
 157 1 1 18440 
 158 1 1 18495 
 159 1 1 18683 
 160 1 1 18800 
 161 1 1 19198 
 162 1 1 19484 
 163 1 1 19771 
 164 1 1 19961 
 165 1 1 20196 
 166 1 1 20321 
 167 1 1 20621 
 168 1 1 21003 
 169 1 1 21259 
 170 1 1 21549 
 171 1 1 21764 
 172 1 1 21846 
 173 1 1 21984 
 174 1 1 22435 
 175 1 1 22690 
 176 1 1 22732 
 177 1 1 23018 
 178 1 1 23284 
 179 1 1 23345 
 180 1 1 23732 
 181 1 1 23996 
 182 1 1 24423 
 183 1 1 24505 
 184 1 1 24814 
 185 1 1 25050 
 186 1 1 25369 
 187 1 1 25591 
 188 1 1 26031 
 189 1 1 26432 
 190 1 1 26676 
 191 1 1 26985 
 192 1 1 27153 
 193 1 1 27283 
 194 1 1 27767 
 195 1 1 28154 
 196 1 1 28230 
 197 1 1 28616 
 198 1 1 28882 
 199 1 1 29234 
 200 1 1 29318 
 201 1 1 29966 
 202 1 1 30142 
 203 1 1 30462 
 204 1 1 30813 
 205 1 1 30960 
 206 1 1 31276 
 207 1 1 31567 
 208 1 1 31996 
 209 1 1 32332 
 210 1 1 32712 
 211 1 1 32962 
 212 1 1 33237 
 213 1 1 33443 
 214 1 1 34036 
 215 1 1 34484 
 216 1 1 34843 
 217 1 1 35027 
 218 1 1 35443 
 219 1 1 35660 
 220 1 1 35825 
 221 1 1 36468 
 222 1 1 37041 
 223 1 1 37323 
 224 1 1 37596 
 225 1 0 38013 
 226 1 0 38185 
 227 1 0 38850 
 228 1 0 39320 
 229 1 0 39672 
 230 1 0 40128 
 231 1 0 40268 
 232 1 0 40915 
 233 1 0 41369 
 234 1 0 41920 
 235 1 0 42562 
 236 1 0 43036 
 237 1 0 43491 
 238 1 0 43630 
 239 1 0 44446 
 240 1 0 44518 
 241 1 0 45897 
 242 1 0 46272 
 243 1 0 47031 
 244 1 0 47149 
 245 1 0 47778 
 246 1 0 48648 
 247 1 0 49193 
 248 1 0 49870 
 249 1 0 50836 
 250 1 0 51406 
 251 1 0 52446 
 252 1 0 52976 
 253 1 0 53525 
 254 1 0 54990 
 255 1 0 55579 
 256 1 0 56308 
 257 1 0 56943 
 258 1 0 57928 
 259 1 0 58574 
 260 1 0 59984 
 261 1 0 61892 
 262 1 0 63015 
 263 1 0 64220 
 264 1 0 65512 
 265 1 0 66740 
 266 1 0 68733 
 267 1 0 70912 
 268 1 0 72095 
 269 1 0 75190 
 270 1 0 77263 
 271 1 0 78527 
 272 1 0 80040 
 273 1 0 81982 
 274 1 0 85611 
 275 1 0 90407 
 276 1 0 91114 
 277 1 0 93399 
 278 1 0 95795 
 279 1 0 98261 
 280 1 0 99952 
 281 1 0 103669 
 282 1 0 107134 
 283 1 0 110454 
 284 1 0 113203 
 285 1 0 115608 
 286 1 0 116796 
 287 1 0 121949 
 288 1 0 125345 
 289 1 0 127664 
 290 1 0 132025 
 291 1 0 133747 
 292 1 0 136068 
 293 1 0 140546 
 294 1 0 144753 
 295 1 0 148642 
 296 1 0 153508 
 297 1 0 155648 
 298 1 0 159759 
 299 1 0 163493 
 300 1 0 167554 