
 1 193 0 0 
 7 151 3 0 
 10 136 1 3 
 14 117 2 3 
 15 91 0 7 
 19 80 0 8 
 20 70 1 13 
 22 56 1 22 
 25 43 1 30 
 27 36 1 30 
 28 27 3 32 
 29 22 5 33 
 30 18 3 43 
 34 11 7 67 
 36 8 8 80 
 38 7 8 88 
 39 3 12 98 
 40 3 10 102 
 41 2 10 116 
 43 2 7 136 
 45 2 5 155 
 47 2 5 167 
 48 2 6 205 
 49 2 3 255 
 51 2 3 297 
 53 2 3 325 
 54 2 1 414 
 55 2 2 444 
 57 2 2 501 
 58 2 2 550 
 60 2 2 577 
 61 2 2 668 
 62 2 2 797 
 63 2 2 855 
 64 2 2 920 
 66 2 1 1005 
 67 1 1 1141 
 68 1 1 1226 
 69 1 1 1257 
 70 1 1 1325 
 71 1 1 1396 
 72 1 1 1476 
 73 1 1 1535 
 74 1 1 1677 
 75 1 1 1778 
 76 1 1 1798 
 77 1 1 1929 
 78 1 1 1976 
 79 1 1 2063 
 80 1 1 2105 
 81 1 2 2323 
 82 1 2 2458 
 83 1 2 2518 
 84 1 2 2567 
 85 1 2 2647 
 86 1 2 2684 
 87 1 2 2876 
 88 1 2 2956 
 89 1 2 2999 
 90 1 2 3110 
 91 1 2 3250 
 93 1 1 3419 
 94 1 1 3500 
 95 1 1 3654 
 96 1 1 3824 
 97 1 1 3939 
 98 1 1 4037 
 99 1 1 4107 
 100 1 1 4293 
 101 1 1 4536 
 102 1 1 4727 
 104 1 1 4851 
 105 1 1 5003 
 106 1 1 5138 
 107 1 1 5221 
 108 1 1 5400 
 109 1 1 5521 
 110 1 1 5659 
 111 1 1 5837 
 112 1 1 5895 
 114 1 1 6231 
 115 1 1 6406 
 116 1 1 6485 
 117 1 1 6691 
 118 1 1 6721 
 119 1 1 6847 
 120 1 1 6903 
 121 1 1 7200 
 122 1 1 7232 
 123 1 1 7504 
 125 1 1 7604 
 126 1 1 7783 
 127 1 1 7929 
 128 1 1 8101 
 129 1 1 8376 
 130 1 1 8486 
 131 1 1 8525 
 132 1 1 8678 
 133 1 1 8796 
 134 1 1 8988 
 135 1 1 9242 
 136 1 1 9320 
 137 1 1 9399 
 138 1 1 9665 
 139 1 1 9717 
 140 1 1 9754 
 141 1 1 9944 
 142 1 1 10188 
 143 1 1 10289 
 144 1 1 10408 
 145 1 1 10462 
 146 1 1 10511 
 147 1 1 10751 
 148 1 1 10880 
 149 1 1 11026 
 150 1 1 11221 
 151 1 1 11291 
 152 1 1 11335 
 153 1 1 11562 
 154 1 1 11803 
 155 1 1 11862 
 156 1 1 12053 
 157 1 1 12218 
 158 1 1 12291 
 159 1 1 12475 
 160 1 1 12556 
 161 1 1 12837 
 162 1 1 13051 
 163 1 1 13163 
 164 1 1 13260 
 165 1 1 13482 
 166 1 1 13623 
 167 1 1 13803 
 168 1 1 14058 
 169 1 1 14208 
 170 1 1 14367 
 171 1 1 14561 
 172 1 1 14586 
 173 1 1 14636 
 174 1 0 14994 
 175 1 0 15246 
 176 1 0 15351 
 177 1 0 15652 
 178 1 0 15810 
 179 1 0 15850 
 180 1 0 16190 
 181 1 0 16350 
 182 1 0 16768 
 183 1 0 16846 
 184 1 0 17276 
 185 1 0 17617 
 186 1 0 17954 
 187 1 0 18212 
 188 1 0 18690 
 189 1 0 19269 
 190 1 0 19891 
 191 1 0 20378 
 192 1 0 20640 
 193 1 0 20892 
 194 1 0 21604 
 195 1 0 22497 
 196 1 0 22590 
 197 1 0 23295 
 198 1 0 23726 
 199 1 0 24389 
 200 1 0 24530 
 201 1 0 25576 
 202 1 0 25785 
 203 1 0 26201 
 204 1 0 26507 
 205 1 0 26696 
 206 1 0 27208 
 207 1 0 27607 
 208 1 0 28379 
 209 1 0 29203 
 210 1 0 29950 
 211 1 0 30461 
 212 1 0 30829 
 213 1 0 31150 
 214 1 0 32052 
 215 1 0 32825 
 216 1 0 33366 
 217 1 0 33535 
 218 1 0 34207 
 219 1 0 34651 
 220 1 0 34954 
 221 1 0 36180 
 222 1 0 37074 
 223 1 0 37431 
 224 1 0 37842 
 225 1 0 38542 
 226 1 0 38725 
 227 1 0 39828 
 228 1 0 40779 
 229 1 0 41426 
 230 1 0 42129 
 231 1 0 42503 
 232 1 0 43098 
 233 1 0 43849 
 234 1 0 44776 
 235 1 0 45485 
 236 1 0 46337 
 237 1 0 47089 
 238 1 0 47427 
 239 1 0 48390 
 240 1 0 48561 
 241 1 0 50254 
 242 1 0 50982 
 243 1 0 52060 
 244 1 0 52217 
 245 1 0 53270 
 246 1 0 54400 
 247 1 0 55150 
 248 1 0 56378 
 249 1 0 57391 
 250 1 0 58315 
 251 1 0 59472 
 252 1 0 60049 
 253 1 0 60820 
 254 1 0 62552 
 255 1 0 62999 
 256 1 0 63945 
 257 1 0 64950 
 258 1 0 66049 
 259 1 0 66367 
 260 1 0 67589 
 261 1 0 69124 
 262 1 0 69762 
 263 1 0 70759 
 264 1 0 71697 
 265 1 0 72643 
 266 1 0 73470 
 267 1 0 75148 
 268 1 0 75756 
 269 1 0 77449 
 270 1 0 78682 
 271 1 0 79386 
 272 1 0 80171 
 273 1 0 81025 
 274 1 0 82744 
 275 1 0 84725 
 276 1 0 85142 
 277 1 0 86092 
 278 1 0 87314 
 279 1 0 88454 
 280 1 0 89206 
 281 1 0 90882 
 282 1 0 92411 
 283 1 0 94210 
 284 1 0 95666 
 285 1 0 96694 
 286 1 0 97317 
 287 1 0 99819 
 288 1 0 101240 
 289 1 0 102397 
 290 1 0 103689 
 291 1 0 104649 
 292 1 0 105183 
 293 1 0 107410 
 294 1 0 108427 
 295 1 0 109719 
 296 1 0 111517 
 297 1 0 112277 
 298 1 0 114041 
 299 1 0 115355 
 300 1 0 116926 