
 1 281 0 0 
 7 223 1 0 
 10 162 0 1 
 14 118 4 1 
 15 64 3 5 
 19 51 8 9 
 20 38 4 15 
 22 22 11 27 
 25 13 11 52 
 27 13 10 65 
 28 8 15 115 
 29 7 11 147 
 30 7 9 199 
 34 4 3 347 
 36 4 2 433 
 38 2 3 470 
 39 1 4 545 
 40 1 2 596 
 41 1 2 673 
 43 1 2 868 
 45 1 1 979 
 47 1 1 1026 
 48 1 1 1193 
 49 1 1 1393 
 51 1 1 1495 
 53 1 1 1592 
 54 1 1 1823 
 55 1 2 1945 
 57 1 1 2089 
 58 1 1 2200 
 60 1 1 2286 
 61 1 1 2445 
 62 1 1 2644 
 63 1 1 2735 
 64 1 1 2818 
 66 1 1 2977 
 67 1 1 3215 
 68 1 1 3316 
 69 1 1 3391 
 70 1 1 3496 
 71 1 1 3595 
 72 1 1 3674 
 73 1 1 3769 
 74 1 1 3920 
 75 1 1 4131 
 76 1 1 4171 
 77 1 1 4332 
 78 1 1 4428 
 79 1 1 4508 
 80 1 1 4563 
 81 1 1 4828 
 82 1 1 4983 
 83 1 1 5062 
 84 1 1 5102 
 85 1 1 5217 
 86 1 1 5276 
 87 1 1 5593 
 88 1 1 5691 
 89 1 1 5767 
 90 1 1 5903 
 91 1 1 6059 
 93 1 1 6188 
 94 1 1 6313 
 95 1 1 6510 
 96 1 1 6659 
 97 1 1 6733 
 98 1 1 6824 
 99 1 1 6909 
 100 1 1 7051 
 101 1 1 7314 
 102 1 1 7559 
 104 1 1 7651 
 105 1 1 7773 
 106 1 1 7902 
 107 1 1 8018 
 108 1 1 8202 
 109 1 1 8367 
 110 1 1 8507 
 111 1 1 8643 
 112 1 1 8707 
 114 1 1 9051 
 115 1 1 9242 
 116 1 1 9324 
 117 1 1 9558 
 118 1 1 9645 
 119 1 1 9830 
 120 1 1 9898 
 121 1 1 10249 
 122 1 1 10297 
 123 1 1 10587 
 125 1 1 10692 
 126 1 1 10863 
 127 1 1 11014 
 128 1 1 11156 
 129 1 1 11463 
 130 1 1 11596 
 131 1 1 11643 
 132 1 1 11751 
 133 1 1 11881 
 134 1 1 12117 
 135 1 1 12388 
 136 1 1 12456 
 137 1 1 12525 
 138 1 1 12803 
 139 1 1 12829 
 140 1 1 12901 
 141 1 1 13144 
 142 1 1 13343 
 143 1 1 13457 
 144 1 1 13643 
 145 1 1 13701 
 146 1 1 13780 
 147 1 1 14106 
 148 1 1 14211 
 149 1 1 14327 
 150 1 1 14605 
 151 1 1 14711 
 152 1 1 14766 
 153 1 1 15064 
 154 1 1 15355 
 155 1 1 15413 
 156 1 1 15656 
 157 1 1 15837 
 158 1 1 15882 
 159 1 1 16093 
 160 1 1 16163 
 161 1 1 16423 
 162 1 1 16627 
 163 1 1 16811 
 164 1 1 16911 
 165 1 1 17101 
 166 1 1 17238 
 167 1 1 17425 
 168 1 1 17695 
 169 1 1 17928 
 170 1 1 18145 
 171 1 1 18294 
 172 1 1 18351 
 173 1 1 18470 
 174 1 1 18940 
 175 1 1 19131 
 176 1 1 19194 
 177 1 1 19476 
 178 1 1 19640 
 179 1 1 19726 
 180 1 1 20012 
 181 1 1 20183 
 182 1 1 20499 
 183 1 1 20547 
 184 1 1 20840 
 185 1 1 21084 
 186 1 1 21453 
 187 1 1 21612 
 188 1 1 21829 
 189 1 1 22127 
 190 1 1 22278 
 191 1 1 22438 
 192 1 1 22540 
 193 1 1 22734 
 194 1 1 23097 
 195 1 1 23363 
 196 1 1 23423 
 197 1 1 23771 
 198 1 1 23911 
 199 1 1 24190 
 200 1 1 24238 
 201 1 1 24646 
 202 1 1 24790 
 203 1 1 25075 
 204 1 1 25302 
 205 1 1 25382 
 206 1 1 25608 
 207 1 1 25847 
 208 1 1 26136 
 209 1 1 26384 
 210 1 1 26616 
 211 1 1 26876 
 212 1 1 27053 
 213 1 1 27222 
 214 1 1 27518 
 215 1 1 27788 
 216 1 1 27927 
 217 1 1 28001 
 218 1 1 28313 
 219 1 1 28486 
 220 1 1 28602 
 221 1 1 28965 
 222 1 1 29301 
 223 1 1 29467 
 224 1 1 29622 
 225 1 1 29876 
 226 1 1 30012 
 227 1 1 30401 
 228 1 1 30671 
 229 1 1 30860 
 230 1 1 31162 
 231 1 1 31318 
 232 1 1 31615 
 233 1 1 31839 
 234 1 1 32084 
 235 1 1 32384 
 236 1 1 32620 
 237 1 1 32909 
 238 1 1 33021 
 239 1 1 33366 
 240 1 1 33417 
 241 1 1 33947 
 242 1 1 34251 
 243 1 1 34635 
 244 1 1 34727 
 245 1 1 35008 
 246 1 1 35303 
 247 1 1 35554 
 248 1 1 35904 
 249 1 0 36265 
 250 1 0 36750 
 251 1 0 37346 
 252 1 0 37650 
 253 1 0 37987 
 254 1 0 38554 
 255 1 0 38958 
 256 1 0 39575 
 257 1 0 40269 
 258 1 0 41041 
 259 1 0 41411 
 260 1 0 42292 
 261 1 0 42907 
 262 1 0 43316 
 263 1 0 43836 
 264 1 0 44268 
 265 1 0 45556 
 266 1 0 46497 
 267 1 0 47827 
 268 1 0 48375 
 269 1 0 50452 
 270 1 0 52094 
 271 1 0 52968 
 272 1 0 53731 
 273 1 0 55020 
 274 1 0 57255 
 275 1 0 60194 
 276 1 0 60946 
 277 1 0 62413 
 278 1 0 65187 
 279 1 0 66735 
 280 1 0 67945 
 281 1 0 71126 
 282 1 0 73966 
 283 1 0 76745 
 284 1 0 79344 
 285 1 0 81130 
 286 1 0 82101 
 287 1 0 86751 
 288 1 0 90465 
 289 1 0 92830 
 290 1 0 95588 
 291 1 0 97180 
 292 1 0 98941 
 293 1 0 102801 
 294 1 0 106488 
 295 1 0 110349 
 296 1 0 113217 
 297 1 0 114637 
 298 1 0 119554 
 299 1 0 122230 
 300 1 0 124834 