
 1 277 0 0 
 7 194 0 0 
 10 149 0 0 
 14 110 1 0 
 15 58 3 1 
 19 45 8 1 
 20 36 9 4 
 22 22 12 18 
 25 18 8 43 
 27 10 9 50 
 28 7 14 78 
 29 5 11 88 
 30 5 9 143 
 34 3 3 307 
 36 3 3 372 
 38 3 3 417 
 39 2 2 476 
 40 2 2 504 
 41 2 2 573 
 43 2 1 746 
 45 2 1 834 
 47 2 1 870 
 48 2 1 984 
 49 2 1 1160 
 51 2 1 1272 
 53 2 2 1368 
 54 1 1 1596 
 55 1 1 1685 
 57 1 1 1824 
 58 1 1 1933 
 60 1 1 2025 
 61 1 1 2208 
 62 1 1 2391 
 63 1 1 2480 
 64 1 1 2586 
 66 1 1 2702 
 67 1 1 2910 
 68 1 1 2999 
 69 1 1 3078 
 70 1 1 3180 
 71 1 1 3244 
 72 1 1 3344 
 73 1 1 3437 
 74 1 1 3563 
 75 1 1 3721 
 76 1 1 3763 
 77 1 1 3933 
 78 1 1 4018 
 79 1 1 4123 
 80 1 1 4176 
 81 1 1 4417 
 82 1 1 4555 
 83 1 1 4662 
 84 1 1 4736 
 85 1 1 4864 
 86 1 1 4946 
 87 1 1 5230 
 88 1 1 5327 
 89 1 1 5405 
 90 1 1 5546 
 91 1 1 5729 
 93 1 1 5875 
 94 1 1 5981 
 95 1 1 6172 
 96 1 1 6378 
 97 1 1 6486 
 98 1 1 6564 
 99 1 1 6644 
 100 1 1 6803 
 101 1 1 7057 
 102 1 1 7243 
 104 1 1 7314 
 105 1 1 7416 
 106 1 1 7561 
 107 1 1 7653 
 108 1 1 7853 
 109 1 1 7974 
 110 1 1 8122 
 111 1 1 8280 
 112 1 1 8336 
 114 1 1 8661 
 115 1 1 8788 
 116 1 1 8883 
 117 1 1 9080 
 118 1 1 9122 
 119 1 1 9256 
 120 1 1 9335 
 121 1 1 9667 
 122 1 1 9725 
 123 1 1 10036 
 125 1 1 10203 
 126 1 1 10350 
 127 1 1 10504 
 128 1 1 10644 
 129 1 1 10910 
 130 1 1 11029 
 131 1 1 11095 
 132 1 1 11287 
 133 1 1 11416 
 134 1 1 11655 
 135 1 1 11903 
 136 1 1 11988 
 137 1 1 12034 
 138 1 1 12352 
 139 1 1 12404 
 140 1 1 12505 
 141 1 1 12754 
 142 1 1 12974 
 143 1 1 13116 
 144 1 1 13342 
 145 1 1 13390 
 146 1 1 13459 
 147 1 1 13807 
 148 1 1 13919 
 149 1 1 14030 
 150 1 1 14286 
 151 1 1 14351 
 152 1 1 14439 
 153 1 1 14745 
 154 1 1 15055 
 155 1 1 15110 
 156 1 1 15413 
 157 1 1 15573 
 158 1 1 15619 
 159 1 1 15794 
 160 1 1 15881 
 161 1 1 16231 
 162 1 1 16549 
 163 1 1 16732 
 164 1 1 16856 
 165 1 1 17101 
 166 1 1 17216 
 167 1 1 17444 
 168 1 1 17707 
 169 1 1 17917 
 170 1 1 18122 
 171 1 1 18273 
 172 1 1 18337 
 173 1 1 18491 
 174 1 1 18815 
 175 1 1 19076 
 176 1 1 19127 
 177 1 1 19389 
 178 1 1 19629 
 179 1 1 19696 
 180 1 1 19963 
 181 1 1 20131 
 182 1 1 20500 
 183 1 1 20563 
 184 1 1 20806 
 185 1 1 21014 
 186 1 1 21292 
 187 1 1 21451 
 188 1 1 21709 
 189 1 1 22072 
 190 1 1 22230 
 191 1 1 22445 
 192 1 1 22557 
 193 1 1 22686 
 194 1 1 23097 
 195 1 1 23414 
 196 1 1 23497 
 197 1 1 23831 
 198 1 1 24060 
 199 1 1 24335 
 200 1 1 24392 
 201 1 1 24993 
 202 1 1 25127 
 203 1 1 25424 
 204 1 1 25739 
 205 1 1 25849 
 206 1 1 26110 
 207 1 1 26360 
 208 1 1 26670 
 209 1 1 26919 
 210 1 1 27185 
 211 1 1 27385 
 212 1 1 27568 
 213 1 1 27772 
 214 1 1 28199 
 215 1 1 28622 
 216 1 1 28847 
 217 1 1 28952 
 218 1 1 29362 
 219 1 1 29579 
 220 1 1 29736 
 221 1 1 30301 
 222 1 1 30635 
 223 1 1 30861 
 224 1 1 31039 
 225 1 1 31249 
 226 1 1 31343 
 227 1 1 31762 
 228 1 1 32138 
 229 1 1 32355 
 230 1 1 32774 
 231 1 1 32937 
 232 1 1 33292 
 233 1 1 33589 
 234 1 1 34012 
 235 1 1 34365 
 236 1 1 34655 
 237 1 1 35006 
 238 1 1 35145 
 239 1 1 35562 
 240 1 1 35615 
 241 1 1 36368 
 242 1 1 36664 
 243 1 1 37084 
 244 1 1 37175 
 245 1 1 37504 
 246 1 1 37903 
 247 1 1 38251 
 248 1 1 38655 
 249 1 1 38982 
 250 1 1 39303 
 251 1 0 39764 
 252 1 0 40043 
 253 1 0 40396 
 254 1 0 41346 
 255 1 0 41989 
 256 1 0 42811 
 257 1 0 43491 
 258 1 0 44546 
 259 1 0 44871 
 260 1 0 46255 
 261 1 0 47632 
 262 1 0 48690 
 263 1 0 49977 
 264 1 0 50648 
 265 1 0 51580 
 266 1 0 53129 
 267 1 0 55191 
 268 1 0 56048 
 269 1 0 58468 
 270 1 0 59964 
 271 1 0 60927 
 272 1 0 61649 
 273 1 0 62816 
 274 1 0 64833 
 275 1 0 67839 
 276 1 0 68542 
 277 1 0 69894 
 278 1 0 71683 
 279 1 0 73431 
 280 1 0 74368 
 281 1 0 77341 
 282 1 0 79882 
 283 1 0 82769 
 284 1 0 84688 
 285 1 0 86305 
 286 1 0 87197 
 287 1 0 90861 
 288 1 0 92754 
 289 1 0 94548 
 290 1 0 97658 
 291 1 0 98862 
 292 1 0 100472 
 293 1 0 103896 
 294 1 0 106458 
 295 1 0 109189 
 296 1 0 112758 
 297 1 0 113914 
 298 1 0 117901 
 299 1 0 120854 
 300 1 0 123632 